<?xml version="1.0" encoding="UTF-8"?>
<map version="1.0" orientation="orthogonal" width="17" height="12" tilewidth="32" tileheight="32">
 <properties>
  <property name="MapName" value="The Cave"/>
 </properties>
 <tileset firstgid="1" name="tilemap" tilewidth="32" tileheight="32">
  <image source="gfx/tileset.png" width="384" height="384"/>
 </tileset>
 <tileset firstgid="145" name="collision" tilewidth="32" tileheight="32">
  <image source="gfx/collision.png" width="32" height="32"/>
 </tileset>
 <tileset firstgid="146" name="objects" tilewidth="32" tileheight="32">
  <image source="gfx/objects.png" width="384" height="32"/>
 </tileset>
 <layer name="BG" width="17" height="12" visible="0">
  <data encoding="csv">
137,130,91,86,104,108,136,107,115,143,112,91,127,95,139,142,111,
133,115,95,138,85,125,113,137,90,98,122,127,131,131,116,85,118,
112,135,119,114,138,128,94,90,113,118,96,106,115,99,129,85,126,
122,126,112,109,110,111,103,126,119,116,92,124,120,107,123,86,124,
133,126,117,93,142,116,86,142,98,110,88,133,86,96,136,120,100,
113,86,130,143,103,103,95,93,102,91,95,114,105,127,96,122,135,
130,133,100,93,87,113,99,85,102,86,103,127,134,104,122,98,90,
100,109,101,107,101,106,93,117,88,119,133,109,85,126,87,116,141,
136,101,138,104,141,131,128,133,128,139,97,124,105,126,137,86,115,
118,136,125,108,138,129,135,133,113,112,142,124,103,102,129,93,99,
126,102,110,130,92,133,128,111,109,86,109,110,99,138,133,117,100,
101,140,117,87,118,101,87,135,139,128,136,125,106,92,126,112,99
</data>
 </layer>
 <layer name="FG" width="17" height="12">
  <data encoding="csv">
81,22,21,55,83,47,44,32,31,83,69,33,67,31,68,45,44,
83,70,44,83,43,19,26,25,83,59,57,60,44,55,70,84,80,
71,83,69,44,81,26,144,144,18,25,84,34,71,68,24,57,83,
82,43,44,67,70,16,144,144,144,144,18,25,57,68,47,35,45,
82,81,70,34,26,144,144,144,144,144,144,144,30,25,58,36,20,
81,67,67,26,144,144,144,144,144,144,144,144,144,144,25,43,83,
31,83,82,16,144,144,144,144,144,144,144,144,53,53,13,46,44,
84,55,45,16,144,144,144,144,144,144,144,15,11,8,7,31,56,
55,80,59,16,144,144,144,144,144,144,73,13,19,36,44,32,56,
80,45,26,144,144,144,144,40,76,13,4,12,43,45,23,69,56,
55,58,14,54,61,61,13,2,11,3,23,48,24,60,82,35,21,
67,43,5,3,3,3,7,43,43,23,31,72,67,82,24,70,19
</data>
 </layer>
 <layer name="Collision" width="17" height="12" visible="0" opacity="0.39">
  <properties>
   <property name="draw" value="false"/>
  </properties>
  <data encoding="csv">
0,0,0,0,0,145,145,145,145,0,0,0,0,0,0,0,0,
0,0,0,0,145,145,0,0,145,145,145,0,0,0,0,0,0,
0,0,0,0,145,0,0,0,0,0,145,145,145,0,0,0,0,
0,0,145,145,145,0,0,0,0,0,0,0,145,145,145,0,0,
0,0,145,145,0,0,0,0,0,0,0,0,0,0,145,145,145,
0,0,145,0,0,0,0,0,0,0,0,0,0,0,0,0,145,
0,0,145,0,0,0,0,0,0,0,0,0,0,0,0,0,145,
0,0,145,0,0,0,0,0,0,0,0,0,145,145,145,145,145,
145,145,145,0,0,0,0,0,0,0,0,0,145,0,0,0,0,
145,0,0,0,0,0,0,0,0,0,145,145,145,0,0,0,0,
145,0,0,0,0,0,0,145,145,145,145,0,0,0,0,0,0,
145,145,145,145,145,145,145,145,0,0,0,0,0,0,0,0,0
</data>
 </layer>
 <layer name="Objects" width="17" height="12" visible="0" opacity="0.23">
  <properties>
   <property name="draw" value="false"/>
  </properties>
  <data encoding="csv">
0,0,0,0,0,0,0,0,0,0,0,0,0,0,0,0,0,
0,0,0,0,0,0,0,0,0,0,0,0,0,0,0,0,0,
0,0,0,0,0,0,0,0,0,0,0,0,0,0,0,0,0,
0,0,0,0,0,0,0,0,0,0,0,0,0,0,0,0,0,
0,0,0,0,0,0,0,0,0,0,0,0,0,0,0,0,0,
0,0,0,0,0,0,0,0,0,0,0,0,0,0,0,0,0,
0,0,0,0,0,0,0,0,0,0,0,0,0,0,0,0,0,
0,0,0,0,0,0,0,0,0,0,0,0,0,0,0,0,0,
0,0,0,0,0,0,0,0,0,0,0,0,0,0,0,0,0,
0,0,0,0,0,0,0,0,0,0,0,0,0,0,0,0,0,
0,0,0,0,0,0,0,0,0,0,0,0,0,0,0,0,0,
0,0,0,0,0,0,0,0,0,0,0,0,0,0,0,0,0
</data>
 </layer>
 <objectgroup name="Doors" width="17" height="12" visible="0">
  <object name="leftDoor" type="Door" x="32" y="288" width="32" height="64">
   <properties>
    <property name="toDoor" value="rightDoor"/>
    <property name="toMap" value="room1_2"/>
   </properties>
  </object>
  <object name="rightDoor" type="Door" x="480" y="160" width="32" height="64">
   <properties>
    <property name="toDoor" value="leftDoor"/>
    <property name="toMap" value="room2_2"/>
   </properties>
  </object>
 </objectgroup>
 <objectgroup name="Enemies" width="17" height="12" visible="0" opacity="0.21">
  <object gid="149" x="224" y="192"/>
  <object gid="154" x="448" y="224"/>
 </objectgroup>
</map>
