<?xml version="1.0" encoding="UTF-8"?>
<map version="1.0" orientation="orthogonal" width="60" height="20" tilewidth="32" tileheight="32">
 <properties>
  <property name="MapName" value="The Cave"/>
 </properties>
 <tileset firstgid="1" name="tilemap" tilewidth="32" tileheight="32">
  <image source="gfx/tileset.png" width="384" height="384"/>
 </tileset>
 <tileset firstgid="145" name="collision" tilewidth="32" tileheight="32">
  <image source="gfx/collision.png" width="32" height="32"/>
 </tileset>
 <tileset firstgid="146" name="objects" tilewidth="32" tileheight="32">
  <image source="gfx/objects.png" width="384" height="32"/>
 </tileset>
 <layer name="BG" width="60" height="20">
  <data encoding="csv">
94,99,95,130,117,117,92,117,106,118,105,131,101,89,95,112,105,134,143,103,143,126,129,99,91,135,136,89,122,130,141,112,113,137,135,86,138,97,137,93,133,131,85,100,88,121,127,123,92,88,124,121,119,136,118,97,127,131,139,133,
126,143,136,93,141,93,105,92,105,137,100,92,141,87,135,133,115,91,101,98,110,97,127,118,139,121,87,135,101,138,130,91,97,109,143,129,91,119,94,138,123,121,133,97,85,105,95,126,127,136,139,106,107,122,98,112,126,116,133,93,
93,130,115,139,141,94,89,114,93,86,140,97,130,116,138,94,128,86,142,122,107,98,113,135,115,112,93,131,112,95,118,106,131,93,113,136,85,137,92,130,97,99,131,114,101,107,94,118,91,126,141,102,116,126,87,133,87,137,117,105,
111,98,141,110,104,117,115,121,142,124,103,106,129,98,117,99,137,121,116,99,143,121,106,93,133,91,100,136,124,126,102,131,106,123,111,115,141,88,112,102,98,104,91,138,111,115,91,116,123,98,95,141,116,100,130,90,110,104,93,124,
142,111,125,88,97,140,112,136,119,127,140,107,114,113,98,99,87,141,111,128,86,107,104,131,130,98,114,94,112,123,141,94,89,100,101,143,123,86,85,125,130,125,107,143,107,87,142,106,114,110,126,116,106,123,106,126,131,92,93,119,
142,92,111,137,119,90,138,102,143,142,124,104,133,102,89,139,131,135,118,137,134,123,142,87,142,85,140,109,118,88,87,129,133,131,143,130,123,139,135,102,115,125,131,89,142,138,106,135,117,141,119,122,138,99,106,110,104,91,125,97,
123,115,85,135,86,123,106,137,139,136,136,135,111,143,99,141,119,130,141,137,97,89,126,141,116,126,117,85,92,130,106,139,93,106,86,106,142,136,140,129,142,121,109,139,131,100,129,119,98,122,114,143,136,88,112,113,139,85,119,142,
140,137,91,116,143,142,99,118,118,116,97,86,95,143,101,107,127,134,114,99,99,111,95,104,95,123,103,118,87,98,117,123,128,102,95,111,128,141,86,111,90,130,106,118,122,126,87,103,119,93,93,113,137,85,123,130,143,138,95,95,
93,124,101,95,87,110,136,92,99,142,130,92,111,128,121,118,100,131,85,95,98,87,113,122,134,90,130,138,122,142,139,134,133,85,137,88,125,133,105,101,88,86,119,138,111,110,109,112,134,116,104,85,127,140,90,121,133,122,131,134,
97,143,134,104,110,94,116,116,137,137,135,131,102,88,141,142,90,129,95,139,124,111,85,111,89,126,135,93,88,122,111,102,143,126,89,133,124,109,116,85,133,137,88,89,97,143,123,106,118,94,90,91,97,87,85,140,88,100,122,98,
99,138,131,105,125,142,109,135,112,116,130,104,130,111,131,129,116,121,99,133,130,111,107,124,112,100,121,141,130,136,90,105,113,126,119,125,119,134,135,105,116,110,137,116,136,101,117,99,136,93,126,136,101,135,116,88,94,87,122,119,
137,129,135,137,128,101,86,126,103,95,126,101,134,117,127,93,130,90,119,133,97,139,114,140,135,119,99,112,88,116,103,105,123,127,94,110,95,105,124,105,104,129,140,134,137,130,130,119,100,141,128,138,133,131,117,124,135,91,85,136,
118,137,102,106,118,90,142,88,97,95,143,105,113,117,122,104,98,116,106,131,90,94,124,85,133,133,107,91,104,100,102,110,139,100,103,105,90,134,138,92,117,123,127,143,142,99,135,102,105,104,88,102,143,112,103,89,116,134,136,124,
100,115,116,98,117,122,98,117,136,126,111,92,104,121,128,131,101,136,134,143,102,127,102,93,136,139,104,126,100,137,97,101,131,123,109,126,116,98,103,118,90,142,106,111,126,142,113,128,119,140,136,94,89,140,89,127,121,105,138,91,
95,100,106,127,127,126,89,117,123,97,142,129,133,128,123,88,92,122,85,100,142,122,88,94,100,92,139,94,140,105,109,93,115,110,99,134,91,121,87,91,131,94,85,94,93,107,128,92,106,99,134,127,93,139,90,141,98,100,95,142,
98,90,129,98,140,116,109,98,100,115,102,129,124,128,92,125,97,127,93,116,92,100,99,125,121,88,98,127,93,90,116,109,102,98,130,97,88,86,87,85,137,139,92,88,95,131,93,105,95,89,143,136,89,138,117,121,91,140,123,92,
138,110,139,137,123,113,102,90,113,130,135,139,139,104,102,131,137,113,99,139,136,105,102,99,127,115,118,117,99,134,102,123,138,143,102,86,105,101,129,102,115,91,141,97,92,135,138,91,87,123,123,117,111,127,99,102,119,136,113,133,
130,131,88,92,138,121,97,133,88,135,105,137,93,94,123,119,87,89,115,116,133,141,140,126,123,136,136,137,117,127,102,128,90,138,106,86,93,115,133,86,95,106,97,142,98,126,107,106,127,141,92,125,121,122,112,119,109,100,118,86,
125,118,116,124,126,115,94,117,92,100,104,95,98,115,112,135,93,122,85,105,104,86,133,92,142,131,110,105,134,113,139,123,109,107,92,131,117,128,133,111,88,111,87,136,99,114,99,91,88,110,139,115,136,127,124,87,121,109,141,92,
90,126,109,137,142,130,86,88,93,114,129,131,117,121,122,115,116,97,124,125,139,127,107,116,99,110,99,127,85,92,112,100,127,109,128,107,136,124,118,128,102,133,130,114,109,86,88,125,92,138,112,85,104,89,125,143,87,85,95,115
</data>
 </layer>
 <layer name="FG" width="60" height="20">
  <data encoding="csv">
60,43,35,59,23,32,69,45,56,59,21,32,23,23,35,59,47,23,33,68,57,33,57,47,59,59,57,23,69,45,32,33,59,56,70,57,81,31,45,84,84,19,31,21,79,48,48,43,20,46,55,44,83,45,31,59,81,69,68,72,
36,43,58,23,33,22,32,44,69,26,30,18,18,30,18,18,17,18,29,18,18,18,17,29,29,30,18,18,30,25,68,35,56,33,67,24,71,69,45,55,79,46,24,79,60,79,32,20,71,35,55,70,21,71,84,35,68,24,22,31,
58,43,71,20,47,26,17,17,17,144,144,144,144,144,144,144,144,144,144,144,144,144,144,144,144,144,144,144,144,144,25,32,58,81,84,57,46,33,32,24,68,47,79,84,21,43,46,46,80,84,67,84,84,72,44,81,24,48,45,58,
56,43,68,68,26,144,144,144,144,144,144,144,144,144,144,144,144,144,144,144,144,144,144,42,42,144,144,144,144,144,15,58,20,80,71,46,70,79,23,72,44,67,48,20,24,48,45,67,55,45,81,55,57,69,57,71,82,68,59,70,
45,43,68,58,28,144,144,144,144,144,144,144,144,144,144,144,144,144,144,144,144,144,15,7,7,28,144,144,144,38,13,57,20,60,79,24,83,23,69,69,68,20,32,81,60,34,68,34,56,20,80,23,47,24,82,69,43,44,70,48,
23,43,44,58,28,144,144,144,144,144,144,144,144,66,66,66,66,144,144,144,144,144,144,18,18,144,144,144,27,1,9,34,34,20,60,33,24,60,46,32,56,35,47,84,45,58,70,46,67,46,35,83,67,21,46,34,34,68,44,48,
59,43,34,26,144,144,144,144,144,66,66,66,13,3,7,7,7,16,144,144,144,144,144,144,144,144,144,54,13,58,79,24,68,70,24,79,83,57,20,67,55,36,55,71,59,82,23,22,69,57,24,22,44,59,45,35,82,35,81,59,
60,43,56,144,144,144,66,66,13,8,11,2,2,71,35,26,18,144,144,144,144,144,144,144,144,144,27,5,11,21,83,43,47,22,36,45,35,36,46,34,46,43,84,19,82,82,21,84,59,58,72,72,69,67,58,81,20,44,45,48,
79,43,70,66,66,13,11,2,2,68,46,22,69,59,26,144,144,144,144,144,144,144,54,66,144,144,144,25,47,70,81,67,58,55,44,31,31,32,57,31,79,68,33,58,20,57,36,58,45,79,36,72,33,81,36,81,31,19,33,46,
20,43,23,11,10,10,32,59,46,46,26,29,29,30,144,144,144,144,144,144,144,27,8,8,28,144,144,27,57,44,82,45,22,32,23,31,57,59,81,69,69,35,23,46,58,82,68,79,35,69,43,84,45,22,80,44,46,79,84,48,
71,43,43,68,20,45,71,21,26,17,144,144,144,144,144,144,144,144,51,51,144,144,17,17,144,144,144,27,57,45,47,81,35,72,82,43,22,82,68,22,35,82,22,22,58,35,69,56,69,35,31,46,59,68,24,69,47,47,60,70,
71,43,43,20,59,26,17,17,144,144,144,144,144,144,144,144,144,15,7,7,28,144,144,144,144,144,144,144,25,46,84,58,24,36,24,80,46,56,56,24,36,58,43,20,45,71,70,36,79,80,79,80,84,83,70,82,44,55,36,70,
48,43,43,26,29,144,144,144,144,144,40,49,77,74,54,54,144,144,18,18,144,144,144,144,144,144,144,144,27,35,58,33,19,24,55,58,34,23,70,47,71,83,32,84,35,81,34,57,19,45,24,23,59,20,21,58,24,48,34,55,
57,43,18,144,144,144,144,144,144,27,8,7,11,3,5,5,14,144,144,144,144,144,144,144,144,144,144,50,13,45,19,55,48,19,34,79,23,44,21,81,23,44,56,55,81,32,60,70,19,72,31,45,60,80,56,60,84,60,36,84,
80,43,49,49,54,54,76,75,73,13,69,21,21,23,44,69,5,14,40,50,62,38,41,42,76,73,13,2,2,44,36,84,22,35,68,70,32,83,79,36,45,72,60,57,24,72,57,80,48,44,57,72,55,58,24,32,33,44,31,58,
69,43,11,9,1,4,4,1,11,11,46,33,22,32,35,23,45,10,10,2,7,5,4,5,3,5,5,71,67,24,31,43,23,21,44,31,83,20,21,56,43,55,21,70,69,82,70,47,82,47,45,32,24,72,69,55,69,84,34,68,
58,20,84,21,43,69,31,43,43,36,43,79,22,36,58,48,81,23,33,60,31,19,45,21,59,34,68,33,43,47,70,19,82,72,79,48,48,56,56,67,46,44,82,46,47,21,84,46,44,67,58,67,69,84,48,45,24,69,55,67,
19,59,79,48,46,56,79,83,81,80,83,82,35,55,31,82,58,82,34,56,82,56,48,33,35,33,32,68,82,44,60,60,43,35,45,69,68,56,43,23,79,69,20,69,44,21,69,82,72,44,35,36,55,43,22,59,55,33,83,84,
83,45,23,70,72,34,44,58,81,31,31,32,71,84,34,48,58,71,82,44,43,33,82,34,70,20,24,56,80,82,79,60,59,24,57,72,71,44,79,80,69,67,56,69,35,57,21,67,81,79,68,67,60,82,60,21,21,22,58,81,
84,84,70,70,59,44,80,22,34,72,82,69,71,72,71,79,46,59,43,71,22,34,67,56,83,19,83,58,79,21,82,68,67,56,19,69,19,59,22,79,21,48,56,47,79,60,82,68,68,24,71,57,56,69,72,22,67,60,45,45
</data>
 </layer>
 <layer name="Collision" width="60" height="20">
  <properties>
   <property name="draw" value="false"/>
  </properties>
  <data encoding="csv">
0,0,0,0,0,0,0,0,145,145,145,145,145,145,145,145,145,145,145,145,145,145,145,145,145,145,145,145,145,145,145,0,0,0,0,0,0,0,0,0,0,0,0,0,0,0,0,0,0,0,0,0,0,0,0,0,0,0,0,0,
0,0,0,0,145,145,145,145,145,0,0,0,0,0,0,0,0,0,0,0,0,0,0,0,0,0,0,0,0,0,145,145,0,0,0,0,0,0,0,0,0,0,0,0,0,0,0,0,0,0,0,0,0,0,0,0,0,0,0,0,
0,0,0,145,145,0,0,0,0,0,0,0,0,0,0,0,0,0,0,0,0,0,0,0,0,0,0,0,0,0,0,145,0,0,0,0,0,0,0,0,0,0,0,0,0,0,0,0,0,0,0,0,0,0,0,0,0,0,0,0,
0,0,0,145,0,0,0,0,0,0,0,0,0,0,0,0,0,0,0,0,0,0,0,0,0,0,0,0,0,0,0,145,0,0,0,0,0,0,0,0,0,0,0,0,0,0,0,0,0,0,0,0,0,0,0,0,0,0,0,0,
0,0,0,145,0,0,0,0,0,0,0,0,0,0,0,0,0,0,0,0,0,0,0,145,145,0,0,0,0,0,0,145,0,0,0,0,0,0,0,0,0,0,0,0,0,0,0,0,0,0,0,0,0,0,0,0,0,0,0,0,
0,0,145,145,0,0,0,0,0,0,0,0,0,0,0,0,0,0,0,0,0,0,0,0,0,0,0,0,0,145,145,145,0,0,0,0,0,0,0,0,0,0,0,0,0,0,0,0,0,0,0,0,0,0,0,0,0,0,0,0,
145,145,145,0,0,0,0,0,0,0,0,0,0,145,145,145,145,0,0,0,0,0,0,0,0,0,0,0,0,145,0,0,0,0,0,0,0,0,0,0,0,0,0,0,0,0,0,0,0,0,0,0,0,0,0,0,0,0,0,0,
145,0,0,0,0,0,0,0,0,145,145,145,145,145,145,0,0,0,0,0,0,0,0,0,0,0,0,145,145,145,0,0,0,0,0,0,0,0,0,0,0,0,0,0,0,0,0,0,0,0,0,0,0,0,0,0,0,0,0,0,
145,0,0,0,0,0,145,145,145,145,145,145,145,145,0,0,0,0,0,0,0,0,0,0,0,0,0,0,145,0,0,0,0,0,0,0,0,0,0,0,0,0,0,0,0,0,0,0,0,0,0,0,0,0,0,0,0,0,0,0,
145,145,145,145,145,145,145,145,145,145,0,0,0,0,0,0,0,0,0,0,0,0,145,145,0,0,0,0,145,0,0,0,0,0,0,0,0,0,0,0,0,0,0,0,0,0,0,0,0,0,0,0,0,0,0,0,0,0,0,0,
0,0,0,0,145,145,145,145,0,0,0,0,0,0,0,0,0,0,0,0,0,0,0,0,0,0,0,0,145,145,0,0,0,0,0,0,0,0,0,0,0,0,0,0,0,0,0,0,0,0,0,0,0,0,0,0,0,0,0,0,
0,0,145,145,145,0,0,0,0,0,0,0,0,0,0,0,0,0,145,145,0,0,0,0,0,0,0,0,0,145,0,0,0,0,0,0,0,0,0,0,0,0,0,0,0,0,0,0,0,0,0,0,0,0,0,0,0,0,0,0,
145,145,145,0,0,0,0,0,0,0,0,0,0,0,0,0,0,0,0,0,0,0,0,0,0,0,0,0,0,145,0,0,0,0,0,0,0,0,0,0,0,0,0,0,0,0,0,0,0,0,0,0,0,0,0,0,0,0,0,0,
145,0,0,0,0,0,0,0,0,0,145,145,145,145,145,145,0,0,0,0,0,0,0,0,0,0,0,0,0,145,0,0,0,0,0,0,0,0,0,0,0,0,0,0,0,0,0,0,0,0,0,0,0,0,0,0,0,0,0,0,
145,0,0,0,0,0,0,0,0,0,145,0,0,0,0,145,145,0,0,0,0,0,0,0,0,0,0,145,145,145,0,0,0,0,0,0,0,0,0,0,0,0,0,0,0,0,0,0,0,0,0,0,0,0,0,0,0,0,0,0,
145,145,145,145,145,145,145,145,145,145,145,0,0,0,0,0,145,145,145,145,145,145,145,145,145,145,145,145,0,0,0,0,0,0,0,0,0,0,0,0,0,0,0,0,0,0,0,0,0,0,0,0,0,0,0,0,0,0,0,0,
0,0,0,0,0,0,0,0,0,0,0,0,0,0,0,0,0,0,0,0,0,0,0,0,0,0,0,0,0,0,0,0,0,0,0,0,0,0,0,0,0,0,0,0,0,0,0,0,0,0,0,0,0,0,0,0,0,0,0,0,
0,0,0,0,0,0,0,0,0,0,0,0,0,0,0,0,0,0,0,0,0,0,0,0,0,0,0,0,0,0,0,0,0,0,0,0,0,0,0,0,0,0,0,0,0,0,0,0,0,0,0,0,0,0,0,0,0,0,0,0,
0,0,0,0,0,0,0,0,0,0,0,0,0,0,0,0,0,0,0,0,0,0,0,0,0,0,0,0,0,0,0,0,0,0,0,0,0,0,0,0,0,0,0,0,0,0,0,0,0,0,0,0,0,0,0,0,0,0,0,0,
0,0,0,0,0,0,0,0,0,0,0,0,0,0,0,0,0,0,0,0,0,0,0,0,0,0,0,0,0,0,0,0,0,0,0,0,0,0,0,0,0,0,0,0,0,0,0,0,0,0,0,0,0,0,0,0,0,0,0,0
</data>
 </layer>
 <objectgroup name="Doors" width="60" height="20">
  <object name="leftTopDoor" type="Door" x="32" y="224" width="32" height="64">
   <properties>
    <property name="toDoor" value="rightTopDoor"/>
    <property name="toMap" value="room2_1"/>
   </properties>
  </object>
  <object name="leftBotDoor" type="Door" x="32" y="416" width="32" height="64">
   <properties>
    <property name="toDoor" value="rightBotDoor"/>
    <property name="toMap" value="room2_1"/>
   </properties>
  </object>
 </objectgroup>
 <objectgroup name="Enemies" width="60" height="20">
  <object gid="154" x="64" y="288">
   <properties>
    <property name="isFlipped" value=""/>
   </properties>
  </object>
 </objectgroup>
 <objectgroup name="Objects" width="60" height="20">
  <object gid="148" x="224" y="480"/>
 </objectgroup>
</map>
