<?xml version="1.0" encoding="UTF-8"?>
<map version="1.0" orientation="orthogonal" width="60" height="24" tilewidth="32" tileheight="32">
 <properties>
  <property name="MapName" value="The Cave"/>
 </properties>
 <tileset firstgid="1" name="tilemap" tilewidth="32" tileheight="32">
  <image source="gfx/tileset.png" width="384" height="384"/>
 </tileset>
 <tileset firstgid="145" name="collision" tilewidth="32" tileheight="32">
  <image source="gfx/collision.png" width="32" height="32"/>
 </tileset>
 <tileset firstgid="146" name="objects" tilewidth="32" tileheight="32">
  <image source="gfx/objects.png" width="384" height="32"/>
 </tileset>
 <layer name="BG" width="60" height="24">
  <data encoding="csv">
125,104,129,115,100,89,129,115,128,112,93,114,117,128,101,92,116,87,111,89,125,93,105,101,102,113,87,105,99,105,87,105,111,123,93,114,101,112,114,113,100,115,116,103,88,93,113,102,88,116,103,115,115,105,103,111,116,116,116,115,
129,87,129,105,89,102,125,102,111,116,113,105,123,105,93,129,129,113,89,127,101,114,125,115,123,103,126,89,117,100,88,103,126,100,129,123,92,126,116,128,91,105,100,89,124,89,90,126,127,89,115,103,105,103,88,126,100,111,91,99,
139,86,123,128,121,90,119,117,115,124,107,138,87,108,93,116,143,97,131,129,87,92,110,110,109,116,135,129,111,108,130,93,92,115,96,124,108,112,93,97,100,142,123,98,142,119,130,87,128,100,119,105,88,136,138,113,96,109,142,121,
105,94,136,123,141,116,136,119,92,128,143,107,89,87,130,135,137,117,129,89,89,98,104,120,122,110,96,137,121,112,120,106,143,130,108,131,107,130,110,127,135,132,120,111,96,113,142,103,131,107,117,123,136,89,89,122,114,103,97,97,
116,102,98,108,90,98,109,125,102,129,116,85,133,121,120,113,130,89,108,133,100,104,138,111,134,98,139,110,142,126,123,87,136,106,118,132,113,111,108,100,98,97,143,109,115,127,100,130,129,113,116,129,115,89,125,128,140,129,88,135,
124,141,110,139,102,126,95,98,109,90,93,136,124,89,96,92,139,101,141,139,133,135,99,118,108,109,136,87,122,124,100,119,101,98,94,99,117,97,109,133,139,118,85,130,141,114,136,105,101,103,99,91,104,128,87,115,142,105,123,137,
105,137,111,90,135,115,108,136,126,93,114,107,135,93,136,117,97,114,115,134,114,131,98,93,117,142,129,86,143,118,108,85,116,97,104,90,141,98,124,90,88,107,87,112,109,126,117,121,137,143,93,113,97,141,92,129,112,105,114,131,
90,120,116,110,87,128,125,87,119,120,120,138,127,94,90,128,110,106,112,134,117,122,96,109,91,94,85,129,94,114,100,104,115,128,133,94,124,109,126,116,117,116,122,134,136,130,101,130,141,112,102,108,112,115,104,121,104,138,91,128,
88,88,105,86,106,121,118,113,109,101,97,132,104,140,91,122,90,108,123,130,108,102,128,100,132,120,105,122,125,90,113,125,113,127,121,101,114,100,133,142,101,98,98,142,106,121,88,142,137,94,86,106,116,104,113,101,138,131,104,113,
134,89,101,89,94,118,88,103,142,138,121,92,103,85,109,96,96,123,115,112,128,106,94,142,135,136,116,87,125,135,94,141,142,125,94,117,114,102,137,87,114,132,112,114,128,128,104,106,120,121,88,88,116,91,115,109,128,89,94,103,
94,124,93,111,125,114,128,106,126,96,103,120,111,124,126,129,115,92,122,93,90,124,109,90,123,103,142,97,113,116,108,120,127,137,123,138,106,121,100,110,120,118,108,119,89,133,87,126,115,126,120,114,142,123,137,131,128,117,120,93,
88,107,131,97,113,114,97,125,103,99,105,132,141,86,93,104,105,115,109,87,143,128,129,119,97,143,131,88,124,108,90,120,102,93,92,86,132,132,98,107,137,119,89,120,95,99,124,139,115,141,110,107,104,102,123,106,85,132,123,96,
91,89,99,93,102,90,134,129,130,123,111,132,122,107,105,143,102,142,129,89,125,86,120,111,125,108,91,88,136,139,93,125,112,140,93,115,100,113,87,96,127,136,106,87,115,111,85,123,111,142,120,143,114,91,122,110,140,120,137,87,
114,110,124,117,140,142,129,123,88,93,91,109,120,143,142,111,92,115,88,125,114,86,89,121,133,100,130,126,126,109,86,114,110,131,130,119,138,129,143,131,103,127,95,88,104,102,111,142,119,140,122,108,91,136,120,119,131,133,97,118,
111,96,136,117,117,91,89,100,141,89,111,89,116,98,133,131,104,120,98,104,113,103,132,135,113,125,131,114,93,134,85,131,102,96,113,106,119,112,143,93,117,119,129,142,125,113,139,131,105,105,95,123,102,128,100,95,125,92,140,103,
118,133,98,140,92,87,142,109,107,92,130,119,96,141,91,101,106,111,109,88,127,106,116,142,136,128,115,104,126,93,114,109,121,101,112,86,93,134,100,143,90,115,112,118,137,142,125,131,133,100,99,89,110,96,99,132,93,128,137,112,
119,114,123,102,131,140,143,142,127,121,119,119,93,142,112,115,89,140,126,100,91,88,132,127,94,118,130,92,141,130,109,136,141,134,116,104,137,137,126,89,107,104,106,89,123,87,94,133,99,91,118,124,95,113,131,90,103,141,103,134,
115,89,142,135,141,142,96,103,95,127,88,100,93,131,105,104,117,131,129,102,88,135,118,121,100,110,90,121,120,135,100,93,117,85,85,107,108,130,130,131,115,95,132,125,140,131,85,117,122,132,111,100,125,111,93,93,141,103,94,104,
126,134,105,117,90,135,117,88,91,114,122,143,124,92,100,110,96,109,119,107,102,90,127,110,140,103,95,107,97,120,141,105,123,96,114,90,127,104,140,120,95,100,122,127,120,105,101,105,97,128,139,119,126,101,92,89,111,141,99,103,
133,98,126,132,92,126,98,121,120,129,87,127,109,103,136,117,104,104,97,107,124,111,118,126,103,109,95,106,106,140,112,139,129,94,89,131,128,92,106,139,116,115,87,101,132,129,105,118,86,109,131,142,104,121,86,128,94,130,98,105,
138,98,134,90,140,86,119,107,131,121,141,126,87,103,127,123,89,115,125,129,91,114,121,85,139,90,116,111,128,115,101,89,112,108,126,134,130,116,106,108,103,85,117,97,101,99,129,85,89,109,106,90,115,105,119,104,115,110,123,142,
99,85,133,99,96,107,85,120,102,100,131,91,95,133,113,133,110,139,105,131,129,119,118,123,110,104,138,110,128,125,134,119,128,88,142,110,138,126,111,126,108,120,112,111,100,134,118,123,125,87,132,143,124,86,119,103,113,105,124,86,
112,99,126,124,103,89,113,89,88,91,93,126,124,127,87,114,123,100,101,104,125,88,125,113,87,101,99,117,104,99,114,116,87,104,123,116,128,114,123,117,92,99,88,89,113,87,125,93,105,127,127,90,116,88,126,92,99,126,129,129,
90,101,128,114,103,113,112,113,100,123,116,113,93,99,92,93,113,90,124,93,123,100,129,90,102,105,124,117,116,126,89,104,124,114,124,91,113,115,125,104,100,112,92,127,90,92,105,89,128,90,92,93,117,91,90,87,88,129,117,89
</data>
 </layer>
 <layer name="FG" width="60" height="24">
  <data encoding="csv">
34,35,46,68,60,72,47,68,20,69,35,46,70,68,44,35,72,69,45,70,34,59,71,70,72,23,56,33,32,57,35,48,59,69,70,36,58,20,72,59,56,68,70,36,24,24,69,70,44,72,22,72,44,59,46,23,32,68,32,35,
56,47,59,58,59,21,60,21,72,71,58,46,23,35,58,71,36,35,46,72,32,47,68,57,70,46,47,32,24,21,34,35,47,58,60,23,69,69,59,24,23,46,45,60,58,72,35,69,57,24,58,36,44,48,60,23,20,46,21,23,
32,55,33,43,55,34,59,23,72,79,60,31,44,55,43,47,45,68,44,19,45,20,69,21,19,46,34,23,72,84,58,82,48,20,60,21,59,22,24,80,31,20,32,81,20,56,36,32,46,69,48,72,82,22,84,19,19,60,33,44,
43,71,44,36,67,34,36,144,144,144,144,144,144,144,144,144,144,144,144,144,144,144,144,144,144,34,81,48,71,72,55,46,69,55,24,44,19,84,44,33,56,32,31,35,46,79,57,56,56,46,79,22,70,34,59,21,56,58,80,23,
47,83,60,33,21,67,144,144,144,144,144,144,144,144,144,144,144,144,144,144,144,144,144,144,144,144,144,144,144,58,35,79,43,32,19,72,71,57,67,57,47,44,70,82,71,60,59,79,79,19,48,79,45,60,70,81,81,36,22,83,
58,58,36,43,43,24,144,144,144,144,144,144,144,144,144,144,144,144,144,144,144,144,144,144,144,144,144,144,144,79,67,80,34,32,59,23,21,70,46,34,34,58,70,60,48,20,19,67,60,60,81,69,35,35,32,47,58,81,82,84,
22,60,21,57,34,47,3,11,11,1,144,144,144,144,3,3,5,5,144,144,144,144,7,11,4,144,144,144,144,83,72,47,43,44,55,84,19,69,35,48,69,45,20,35,82,57,31,21,79,59,23,48,19,56,56,79,33,48,19,58,
55,32,67,57,56,68,59,79,57,56,10,2,11,12,44,56,84,44,1,12,9,9,36,60,46,7,144,144,144,144,69,48,79,57,19,79,83,35,46,45,34,43,20,23,31,24,72,23,60,80,20,72,68,58,24,58,34,60,71,67,
31,35,69,70,45,36,84,44,32,45,81,48,59,24,57,22,48,43,84,36,22,45,35,56,21,68,9,144,144,144,57,32,59,55,47,60,70,56,80,55,81,36,36,24,55,19,82,81,20,48,58,24,22,23,31,71,22,35,19,48,
36,55,43,36,57,45,68,60,47,32,21,84,24,31,58,81,46,70,57,44,71,34,22,45,21,35,68,144,144,144,82,45,69,81,84,56,33,67,23,34,20,67,46,44,23,81,82,43,57,45,20,56,60,32,59,32,82,79,81,69,
68,33,48,36,68,43,84,67,36,69,69,68,70,81,21,144,144,144,144,144,43,67,81,46,71,35,144,144,144,144,33,67,44,20,55,56,23,71,72,80,67,84,72,47,45,60,23,23,80,56,47,70,71,72,46,44,24,71,19,21,
44,21,34,56,58,84,20,47,23,47,45,35,144,144,144,144,144,144,144,144,144,144,144,144,144,144,144,144,144,144,57,31,68,67,36,19,47,55,33,24,36,71,57,45,84,60,22,70,82,20,82,71,68,43,80,57,59,72,72,68,
72,21,68,32,59,69,21,144,144,144,144,144,144,144,144,144,144,144,144,144,144,144,144,144,144,144,144,144,144,8,19,84,47,68,80,82,84,21,60,21,82,35,23,71,35,81,83,71,46,31,67,56,82,34,43,19,47,45,58,83,
58,48,71,80,23,34,144,144,144,144,144,144,144,144,144,144,144,144,7,9,12,144,144,144,144,144,144,144,8,34,69,82,23,82,32,58,22,21,44,44,58,24,67,48,81,36,32,44,45,22,70,24,20,20,84,34,32,36,20,55,
48,35,60,144,144,144,144,144,144,144,144,144,144,7,8,11,7,12,20,47,45,5,10,12,11,1,3,12,81,45,46,19,43,82,23,21,33,48,33,55,56,83,72,71,33,80,48,43,48,21,72,46,72,21,34,81,44,81,67,82,
45,22,70,144,144,144,144,144,144,11,11,2,7,22,32,83,70,32,58,58,24,20,67,79,60,21,81,72,81,20,33,72,20,56,31,79,70,83,22,48,47,83,47,31,70,71,67,48,21,69,82,70,56,20,45,31,46,24,23,56,
57,24,32,144,144,144,144,3,4,81,44,58,56,21,48,24,70,35,82,71,46,56,69,35,57,71,72,80,60,67,32,35,24,60,21,83,36,81,58,31,35,44,67,71,60,46,24,71,79,31,19,59,33,56,59,46,32,21,82,22,
70,58,68,12,144,144,144,144,58,31,31,60,43,59,45,31,31,32,36,24,44,31,22,82,45,32,59,80,70,33,79,21,19,31,55,80,35,47,45,47,82,79,60,19,47,22,82,84,45,43,20,21,55,84,43,69,32,58,68,21,
36,56,21,70,5,144,144,144,144,144,144,144,144,144,144,144,144,144,144,144,144,144,144,144,144,144,144,144,144,144,71,68,59,57,81,80,46,72,60,80,35,33,35,55,72,19,35,23,44,83,82,55,48,23,34,23,59,24,21,43,
55,81,34,35,23,144,144,144,144,144,144,144,144,144,144,144,144,144,144,144,144,144,144,144,144,144,144,144,144,144,144,144,32,22,20,79,46,60,35,55,48,57,48,72,19,36,60,20,46,32,47,21,24,83,24,58,32,80,71,57,
47,83,57,32,44,12,1,12,144,144,144,144,144,144,144,144,11,2,144,144,144,4,11,1,144,144,144,144,144,144,144,144,33,34,46,34,33,60,47,84,20,83,45,83,23,58,32,55,46,70,82,22,69,67,45,59,67,60,84,46,
82,21,59,81,21,32,22,56,8,8,9,8,11,4,1,8,68,35,8,12,8,19,33,33,5,2,2,3,8,10,6,7,48,22,57,79,34,46,36,19,60,45,79,47,84,45,20,69,45,81,34,68,57,84,33,80,67,81,19,72,
48,48,32,72,48,21,24,58,48,36,20,47,33,20,72,60,72,24,58,57,59,36,45,56,46,20,36,45,46,46,36,58,22,24,47,22,35,72,33,36,46,20,58,48,56,35,33,56,35,32,46,48,56,33,35,59,59,32,35,34,
21,47,56,57,33,56,46,35,34,59,44,59,72,70,24,44,23,36,32,32,23,35,48,46,46,32,23,59,71,70,48,70,34,48,56,35,35,68,47,34,70,69,20,44,36,48,21,20,23,71,44,48,22,21,21,59,46,56,60,44
</data>
 </layer>
 <layer name="Collision" width="60" height="24" visible="0" opacity="0.54">
  <properties>
   <property name="draw" value="false"/>
  </properties>
  <data encoding="csv">
0,0,0,0,0,0,0,0,0,0,0,0,0,0,0,0,0,0,0,0,0,0,0,0,0,0,0,0,0,0,0,0,0,0,0,0,0,0,0,0,0,0,0,0,0,0,0,0,0,0,0,0,0,0,0,0,0,0,0,0,
0,0,0,0,0,0,0,0,0,0,0,0,0,0,0,0,0,0,0,0,0,0,0,0,0,0,0,0,0,0,0,0,0,0,0,0,0,0,0,0,0,0,0,0,0,0,0,0,0,0,0,0,0,0,0,0,0,0,0,0,
0,0,0,0,145,145,145,145,145,145,145,145,145,145,145,145,145,145,145,145,145,145,145,145,145,145,0,0,0,0,0,0,0,0,0,0,0,0,0,0,0,0,0,0,0,0,0,0,0,0,0,0,0,0,0,0,0,0,0,0,
0,0,0,0,145,145,145,0,0,0,0,0,0,0,0,0,0,0,0,0,0,0,0,0,0,145,145,145,145,145,0,0,0,0,0,0,0,0,0,0,0,0,0,0,0,0,0,0,0,0,0,0,0,0,0,0,0,0,0,0,
0,0,0,0,145,0,0,0,0,0,0,0,0,0,0,0,0,0,0,0,0,0,0,0,0,0,0,0,0,145,0,0,0,0,0,0,0,0,0,0,0,0,0,0,0,0,0,0,0,0,0,0,0,0,0,0,0,0,0,0,
0,0,0,0,145,0,0,0,0,0,0,0,0,0,0,0,0,0,0,0,0,0,0,0,0,0,0,0,0,145,0,0,0,0,0,0,0,0,0,0,0,0,0,0,0,0,0,0,0,0,0,0,0,0,0,0,0,0,0,0,
0,0,0,0,145,145,145,145,145,145,0,0,0,0,145,145,145,145,0,0,0,0,145,145,145,0,0,0,0,145,145,0,0,0,0,0,0,0,0,0,0,0,0,0,0,0,0,0,0,0,0,0,0,0,0,0,0,0,0,0,
0,0,0,0,145,145,145,145,145,145,145,145,145,145,145,145,145,145,145,145,145,145,145,145,145,145,0,0,0,0,145,0,0,0,0,0,0,0,0,0,0,0,0,0,0,0,0,0,0,0,0,0,0,0,0,0,0,0,0,0,
0,0,0,0,0,0,0,0,145,145,145,145,145,145,145,145,145,145,145,145,145,145,145,145,145,145,145,0,0,0,145,0,0,0,0,0,0,0,0,0,0,0,0,0,0,0,0,0,0,0,0,0,0,0,0,0,0,0,0,0,
0,0,0,0,0,0,0,145,145,145,145,145,145,145,145,145,145,145,145,145,145,145,145,145,145,145,145,0,0,0,145,0,0,0,0,0,0,0,0,0,0,0,0,0,0,0,0,0,0,0,0,0,0,0,0,0,0,0,0,0,
0,0,0,0,0,145,145,145,145,145,145,145,145,145,145,0,0,0,0,0,145,145,145,145,145,145,0,0,0,0,145,0,0,0,0,0,0,0,0,0,0,0,0,0,0,0,0,0,0,0,0,0,0,0,0,0,0,0,0,0,
0,0,0,145,145,145,145,145,145,145,145,145,0,0,0,0,0,0,0,0,0,0,0,0,0,0,0,0,0,0,145,0,0,0,0,0,0,0,0,0,0,0,0,0,0,0,0,0,0,0,0,0,0,0,0,0,0,0,0,0,
0,0,145,145,145,145,145,0,0,0,0,0,0,0,0,0,0,0,0,0,0,0,0,0,0,0,0,0,0,145,145,0,0,0,0,0,0,0,0,0,0,0,0,0,0,0,0,0,0,0,0,0,0,0,0,0,0,0,0,0,
0,145,145,145,145,145,0,0,0,0,0,0,0,0,0,0,0,0,145,145,145,0,0,0,0,0,0,0,145,145,0,0,0,0,0,0,0,0,0,0,0,0,0,0,0,0,0,0,0,0,0,0,0,0,0,0,0,0,0,0,
0,0,145,0,0,0,0,0,0,0,0,0,0,145,145,145,145,145,145,145,145,145,145,145,145,145,145,145,145,145,0,0,0,0,0,0,0,0,0,0,0,0,0,0,0,0,0,0,0,0,0,0,0,0,0,0,0,0,0,0,
0,0,145,0,0,0,0,0,0,145,145,145,145,145,145,145,145,145,145,145,145,145,145,145,145,145,145,145,145,145,0,0,0,0,0,0,0,0,0,0,0,0,0,0,0,0,0,0,0,0,0,0,0,0,0,0,0,0,0,0,
0,145,145,0,0,0,0,145,145,145,145,145,145,145,145,145,145,145,145,145,145,145,145,145,145,145,145,145,145,145,145,0,0,0,0,0,0,0,0,0,0,0,0,0,0,0,0,0,0,0,0,0,0,0,0,0,0,0,0,0,
0,145,145,145,0,0,0,0,145,145,145,145,145,145,145,145,145,145,145,145,145,145,145,145,145,145,145,145,145,145,145,145,145,0,0,0,0,0,0,0,0,0,0,0,0,0,0,0,0,0,0,0,0,0,0,0,0,0,0,0,
0,0,145,145,145,0,0,0,0,0,0,0,0,0,0,0,0,0,0,0,0,0,0,0,0,0,0,0,0,0,145,145,145,145,0,0,0,0,0,0,0,0,0,0,0,0,0,0,0,0,0,0,0,0,0,0,0,0,0,0,
0,0,0,0,145,0,0,0,0,0,0,0,0,0,0,0,0,0,0,0,0,0,0,0,0,0,0,0,0,0,0,0,0,145,0,0,0,0,0,0,0,0,0,0,0,0,0,0,0,0,0,0,0,0,0,0,0,0,0,0,
0,0,0,0,145,145,145,145,0,0,0,0,0,0,0,0,145,145,0,0,0,145,145,145,0,0,0,0,0,0,0,155,0,145,0,0,0,0,0,0,0,0,0,0,0,0,0,0,0,0,0,0,0,0,0,0,0,0,0,0,
0,0,0,0,0,145,145,145,145,145,145,145,145,145,145,145,145,145,145,145,145,145,0,0,145,145,145,145,145,145,145,145,145,145,0,0,0,0,0,0,0,0,0,0,0,0,0,0,0,0,0,0,0,0,0,0,0,0,0,0,
0,0,0,0,0,0,0,0,0,0,0,0,0,0,0,0,0,0,0,0,0,0,0,0,0,0,0,0,0,0,0,0,0,0,0,0,0,0,0,0,0,0,0,0,0,0,0,0,0,0,0,0,0,0,0,0,0,0,0,0,
0,0,0,0,0,0,0,0,0,0,0,0,0,0,0,0,0,0,0,0,0,0,0,0,0,0,0,0,0,0,0,0,0,0,0,0,0,0,0,0,0,0,0,0,0,0,0,0,0,0,0,0,0,0,0,0,0,0,0,0
</data>
 </layer>
 <layer name="Objects" width="60" height="24" opacity="0.23">
  <properties>
   <property name="draw" value="false"/>
  </properties>
  <data encoding="csv">
0,0,0,0,0,0,0,0,0,0,0,0,0,0,0,0,0,0,0,0,0,0,0,0,0,0,0,0,0,0,0,0,0,0,0,0,0,0,0,0,0,0,0,0,0,0,0,0,0,0,0,0,0,0,0,0,0,0,0,0,
0,0,0,0,0,0,0,0,0,0,0,0,0,0,0,0,0,0,0,0,0,0,0,0,0,0,0,0,0,0,0,0,0,0,0,0,0,0,0,0,0,0,0,0,0,0,0,0,0,0,0,0,0,0,0,0,0,0,0,0,
0,0,0,0,0,0,0,0,0,0,0,0,0,0,0,0,0,0,0,0,0,0,0,0,0,0,0,0,0,0,0,0,0,0,0,0,0,0,0,0,0,0,0,0,0,0,0,0,0,0,0,0,0,0,0,0,0,0,0,0,
0,0,0,0,0,0,0,0,0,0,0,0,0,0,0,0,0,0,0,0,0,0,0,0,0,0,0,0,0,0,0,0,0,0,0,0,0,0,0,0,0,0,0,0,0,0,0,0,0,0,0,0,0,0,0,0,0,0,0,0,
0,0,0,0,0,0,0,0,0,0,0,0,0,0,0,0,0,0,0,0,0,0,0,0,0,0,0,0,0,0,0,0,0,0,0,0,0,0,0,0,0,0,0,0,0,0,0,0,0,0,0,0,0,0,0,0,0,0,0,0,
0,0,0,0,0,0,0,0,0,0,0,0,0,0,0,0,0,0,0,0,0,0,0,0,0,0,0,0,0,0,0,0,0,0,0,0,0,0,0,0,0,0,0,0,0,0,0,0,0,0,0,0,0,0,0,0,0,0,0,0,
0,0,0,0,0,0,0,0,0,0,0,0,0,0,0,0,0,0,0,0,0,0,0,0,0,0,0,0,0,0,0,0,0,0,0,0,0,0,0,0,0,0,0,0,0,0,0,0,0,0,0,0,0,0,0,0,0,0,0,0,
0,0,0,0,0,0,0,0,0,0,0,0,0,0,0,0,0,0,0,0,0,0,0,0,0,0,0,0,0,0,0,0,0,0,0,0,0,0,0,0,0,0,0,0,0,0,0,0,0,0,0,0,0,0,0,0,0,0,0,0,
0,0,0,0,0,0,0,0,0,0,0,0,0,0,0,0,0,0,0,0,0,0,0,0,0,0,0,0,0,0,0,0,0,0,0,0,0,0,0,0,0,0,0,0,0,0,0,0,0,0,0,0,0,0,0,0,0,0,0,0,
0,0,0,0,0,0,0,0,0,0,0,0,0,0,0,0,0,0,0,0,0,0,0,0,0,0,0,0,0,0,0,0,0,0,0,0,0,0,0,0,0,0,0,0,0,0,0,0,0,0,0,0,0,0,0,0,0,0,0,0,
0,0,0,0,0,0,0,0,0,0,0,0,0,0,0,0,0,0,0,0,0,0,0,0,0,0,0,0,0,0,0,0,0,0,0,0,0,0,0,0,0,0,0,0,0,0,0,0,0,0,0,0,0,0,0,0,0,0,0,0,
0,0,0,0,0,0,0,0,0,0,0,0,0,0,0,0,0,0,0,0,0,0,0,0,0,0,0,0,0,0,0,0,0,0,0,0,0,0,0,0,0,0,0,0,0,0,0,0,0,0,0,0,0,0,0,0,0,0,0,0,
0,0,0,0,0,0,0,0,0,0,0,0,0,0,0,0,0,0,0,0,0,0,0,0,0,0,0,0,0,0,0,0,0,0,0,0,0,0,0,0,0,0,0,0,0,0,0,0,0,0,0,0,0,0,0,0,0,0,0,0,
0,0,0,0,0,0,0,0,0,0,0,0,0,0,0,0,0,0,0,0,0,0,0,0,0,0,0,0,0,0,0,0,0,0,0,0,0,0,0,0,0,0,0,0,0,0,0,0,0,0,0,0,0,0,0,0,0,0,0,0,
0,0,0,0,0,0,0,0,0,0,0,0,0,0,0,0,0,0,0,0,0,0,0,0,0,0,0,0,0,0,0,0,0,0,0,0,0,0,0,0,0,0,0,0,0,0,0,0,0,0,0,0,0,0,0,0,0,0,0,0,
0,0,0,0,0,0,0,0,0,0,0,0,0,0,0,0,0,0,0,0,0,0,0,0,0,0,0,0,0,0,0,0,0,0,0,0,0,0,0,0,0,0,0,0,0,0,0,0,0,0,0,0,0,0,0,0,0,0,0,0,
0,0,0,0,0,0,0,0,0,0,0,0,0,0,0,0,0,0,0,0,0,0,0,0,0,0,0,0,0,0,0,0,0,0,0,0,0,0,0,0,0,0,0,0,0,0,0,0,0,0,0,0,0,0,0,0,0,0,0,0,
0,0,0,0,0,0,0,0,0,0,0,0,0,0,0,0,0,0,0,0,0,0,0,0,0,0,0,0,0,0,0,0,0,0,0,0,0,0,0,0,0,0,0,0,0,0,0,0,0,0,0,0,0,0,0,0,0,0,0,0,
0,0,0,0,0,0,0,0,0,0,0,0,0,0,0,0,0,0,0,0,0,0,0,0,0,0,0,0,0,0,0,0,0,0,0,0,0,0,0,0,0,0,0,0,0,0,0,0,0,0,0,0,0,0,0,0,0,0,0,0,
0,0,0,0,0,0,0,0,0,0,0,0,0,0,0,0,0,0,0,0,0,0,0,0,0,0,0,0,0,0,0,0,0,0,0,0,0,0,0,0,0,0,0,0,0,0,0,0,0,0,0,0,0,0,0,0,0,0,0,0,
0,0,0,0,0,0,0,0,0,0,0,0,0,0,0,0,0,0,0,0,0,0,0,0,0,0,0,0,0,0,0,0,0,0,0,0,0,0,0,0,0,0,0,0,0,0,0,0,0,0,0,0,0,0,0,0,0,0,0,0,
0,0,0,0,0,0,0,0,0,0,0,0,0,0,0,0,0,0,0,0,0,0,0,0,0,0,0,0,0,0,0,0,0,0,0,0,0,0,0,0,0,0,0,0,0,0,0,0,0,0,0,0,0,0,0,0,0,0,0,0,
0,0,0,0,0,0,0,0,0,0,0,0,0,0,0,0,0,0,0,0,0,0,0,0,0,0,0,0,0,0,0,0,0,0,0,0,0,0,0,0,0,0,0,0,0,0,0,0,0,0,0,0,0,0,0,0,0,0,0,0,
0,0,0,0,0,0,0,0,0,0,0,0,0,0,0,0,0,0,0,0,0,0,0,0,0,0,0,0,0,0,0,0,0,0,0,0,0,0,0,0,0,0,0,0,0,0,0,0,0,0,0,0,0,0,0,0,0,0,0,0
</data>
 </layer>
 <objectgroup name="Doors" width="60" height="24">
  <object name="leftDoor" type="Door" x="160" y="128" width="32" height="64">
   <properties>
    <property name="toDoor" value="rightTopDoor"/>
    <property name="toMap" value="room3_1"/>
   </properties>
  </object>
  <object name="rightDoor" type="Door" x="1024" y="608" width="32" height="64">
   <properties>
    <property name="toDoor" value="leftDoor"/>
    <property name="toMap" value="room3_3"/>
   </properties>
  </object>
 </objectgroup>
 <objectgroup name="Enemies" width="60" height="24">
  <object gid="156" x="448" y="128"/>
  <object gid="156" x="480" y="160"/>
  <object gid="156" x="480" y="192"/>
  <object gid="156" x="544" y="160"/>
  <object gid="156" x="544" y="128"/>
  <object gid="156" x="608" y="160"/>
  <object gid="156" x="672" y="192"/>
  <object gid="156" x="608" y="224"/>
  <object gid="156" x="704" y="160"/>
  <object gid="156" x="736" y="192"/>
  <object gid="156" x="800" y="160"/>
  <object gid="156" x="864" y="192"/>
  <object gid="156" x="896" y="192"/>
  <object gid="156" x="864" y="288"/>
  <object gid="156" x="928" y="320"/>
  <object gid="156" x="864" y="352"/>
  <object gid="156" x="832" y="384"/>
  <object gid="156" x="896" y="384"/>
  <object gid="156" x="832" y="416"/>
  <object gid="156" x="736" y="448"/>
  <object gid="156" x="736" y="416"/>
  <object gid="156" x="800" y="416"/>
  <object gid="156" x="576" y="384"/>
  <object gid="156" x="512" y="416"/>
  <object gid="156" x="480" y="384"/>
  <object gid="156" x="512" y="352"/>
  <object gid="156" x="640" y="416"/>
  <object gid="156" x="448" y="448"/>
  <object gid="156" x="384" y="448"/>
  <object gid="156" x="320" y="480"/>
  <object gid="156" x="320" y="416"/>
  <object gid="156" x="192" y="448"/>
  <object gid="156" x="256" y="448"/>
  <object gid="156" x="224" y="480"/>
  <object gid="156" x="160" y="512"/>
  <object gid="156" x="160" y="576"/>
  <object gid="156" x="128" y="544"/>
  <object gid="156" x="224" y="576"/>
  <object gid="156" x="192" y="640"/>
  <object gid="156" x="352" y="608"/>
  <object gid="156" x="320" y="640"/>
  <object gid="156" x="416" y="640"/>
  <object gid="156" x="256" y="640"/>
  <object gid="156" x="256" y="640"/>
  <object gid="156" x="480" y="640"/>
  <object gid="156" x="576" y="608"/>
  <object gid="156" x="640" y="608"/>
  <object gid="156" x="832" y="608"/>
  <object gid="156" x="672" y="640"/>
  <object gid="156" x="544" y="640"/>
  <object gid="156" x="832" y="672"/>
  <object gid="156" x="704" y="640"/>
  <object gid="156" x="800" y="608"/>
  <object gid="156" x="896" y="640"/>
  <object gid="156" x="928" y="640"/>
  <object gid="156" x="992" y="640"/>
  <object gid="156" x="992" y="672"/>
  <object gid="156" x="960" y="672"/>
  <object gid="156" x="960" y="640"/>
  <object gid="155" x="992" y="672"/>
 </objectgroup>
</map>
