<?xml version="1.0" encoding="UTF-8"?>
<map version="1.0" orientation="orthogonal" width="60" height="20" tilewidth="32" tileheight="32">
 <properties>
  <property name="MapName" value="The Cave"/>
 </properties>
 <tileset firstgid="1" name="tilemap" tilewidth="32" tileheight="32">
  <image source="gfx/tileset.png" width="384" height="384"/>
 </tileset>
 <tileset firstgid="145" name="collision" tilewidth="32" tileheight="32">
  <image source="gfx/collision.png" width="32" height="32"/>
 </tileset>
 <tileset firstgid="146" name="objects" tilewidth="32" tileheight="32">
  <image source="gfx/objects.png" width="384" height="32"/>
 </tileset>
 <layer name="BG" width="60" height="20" visible="0">
  <data encoding="csv">
88,98,131,124,85,131,97,86,110,106,109,100,143,123,99,141,115,103,117,106,124,141,109,107,142,128,139,122,88,141,123,86,99,143,116,98,134,119,106,87,105,125,143,117,101,102,135,134,101,125,107,92,118,90,86,121,112,138,128,121,
121,97,89,135,118,113,99,130,89,141,114,87,94,98,101,113,122,94,119,87,97,93,88,126,91,110,103,128,85,103,89,102,115,121,130,111,91,102,92,134,125,130,136,121,122,139,113,97,116,126,126,85,105,97,99,136,121,131,105,119,
121,92,138,137,113,97,143,98,135,88,131,122,138,90,137,130,90,105,99,90,119,105,128,133,110,99,125,128,101,117,118,135,95,113,87,115,89,107,106,138,93,100,95,114,111,122,85,90,90,130,131,103,119,126,107,125,102,91,111,87,
109,107,92,112,128,91,124,101,105,86,112,97,135,104,99,141,115,98,122,140,116,106,135,87,106,86,130,97,135,142,88,91,131,87,86,114,106,97,106,113,119,127,141,127,114,93,111,139,126,140,142,94,86,123,114,143,95,121,104,126,
118,102,109,87,87,111,88,116,127,141,117,125,88,94,102,140,90,121,119,94,136,92,99,112,98,95,103,114,125,105,138,86,90,133,87,105,125,134,97,106,97,119,133,111,138,115,104,118,109,127,92,89,89,122,103,114,119,122,88,93,
126,143,88,122,91,141,90,142,139,142,102,107,121,127,124,140,98,116,92,111,100,98,116,88,112,101,126,127,95,106,94,93,143,87,85,117,89,103,94,121,123,118,115,116,90,138,137,111,143,131,127,113,106,134,107,139,125,90,110,95,
121,115,134,100,116,109,134,114,104,116,141,107,128,113,99,138,104,89,135,98,85,111,89,113,85,130,88,85,139,125,127,123,87,89,142,103,136,113,87,98,127,126,112,103,142,118,119,113,143,114,113,89,86,128,140,94,138,111,109,90,
103,97,127,118,111,118,116,122,130,128,141,139,86,86,98,137,103,117,102,136,137,117,107,89,92,118,127,121,93,105,142,97,97,86,128,117,125,119,95,89,137,139,109,122,125,93,87,101,124,87,125,107,107,124,126,105,102,104,143,88,
104,130,100,124,91,98,91,86,89,107,110,105,86,89,118,100,135,88,129,101,101,117,94,103,141,112,95,129,131,135,89,128,118,105,100,88,137,113,138,97,135,118,130,98,137,142,134,142,125,88,87,95,87,133,112,112,89,133,134,91,
86,100,131,123,103,118,88,136,131,141,125,105,95,123,100,111,98,136,129,131,128,94,92,126,101,124,98,86,137,97,95,88,102,138,111,100,133,91,128,111,97,123,124,122,118,129,105,101,107,90,99,94,129,94,101,90,113,128,107,109,
130,107,133,91,135,105,125,135,103,131,101,129,87,124,113,112,98,113,85,142,142,90,136,107,142,138,141,133,107,131,138,106,90,106,123,134,119,99,131,87,105,94,104,129,135,125,136,90,119,85,107,129,131,111,140,135,115,124,104,106,
134,137,113,107,100,137,118,142,106,98,112,98,128,136,131,104,139,137,125,85,136,109,106,112,128,122,107,128,137,139,121,141,121,86,95,110,90,131,103,89,87,138,139,126,125,116,117,114,110,106,113,106,104,116,122,109,128,98,121,123,
125,94,90,122,141,95,130,118,85,109,97,97,87,107,113,86,85,93,130,124,136,105,101,94,142,90,105,129,123,101,127,140,106,130,123,121,122,106,112,115,136,116,137,131,101,111,125,114,119,133,100,107,112,116,114,94,140,98,97,126,
134,143,107,140,117,106,95,116,102,101,88,128,133,135,110,111,87,124,119,128,131,122,141,115,89,111,90,124,109,135,112,94,125,116,107,127,86,122,95,141,86,100,100,117,140,117,103,141,99,126,121,117,133,142,105,94,95,116,142,94,
142,98,115,139,126,124,128,94,127,111,123,116,94,118,127,106,123,101,102,111,140,97,112,103,111,125,90,106,124,125,126,91,130,142,87,103,104,129,110,91,94,133,116,113,133,91,130,106,92,115,134,92,141,142,86,122,143,107,112,100,
105,105,93,119,131,87,119,109,107,130,107,137,92,91,138,140,102,134,126,107,87,95,128,102,102,109,93,110,123,139,98,114,139,117,119,87,137,86,92,91,118,118,109,102,134,122,94,97,138,92,133,118,93,94,111,115,117,136,109,143,
100,135,111,117,134,114,111,88,142,125,127,131,138,89,110,98,98,133,136,100,106,105,140,133,103,93,129,107,97,131,94,128,130,91,103,127,93,106,110,111,94,119,98,142,109,106,106,115,112,121,92,94,103,92,105,119,88,141,138,124,
139,86,143,127,125,91,116,109,131,141,97,91,100,142,127,127,95,111,128,110,90,142,99,125,128,105,128,117,98,115,109,117,100,98,105,107,129,114,118,135,112,130,124,141,121,115,131,142,142,105,124,123,87,101,122,124,126,101,94,94,
94,115,116,124,131,105,85,131,136,118,105,95,101,138,92,121,138,127,112,109,140,135,117,122,129,91,140,143,138,89,90,140,115,140,109,103,111,131,118,117,87,90,124,100,101,103,85,123,118,101,128,90,95,116,119,139,140,89,87,91,
87,102,140,95,85,133,130,91,116,134,141,88,116,136,128,95,121,97,139,136,115,123,113,93,118,107,141,124,106,102,87,99,117,95,141,94,97,99,143,104,100,105,124,134,111,92,114,88,99,93,98,137,142,117,88,111,88,136,134,109
</data>
 </layer>
 <layer name="FG" width="60" height="20">
  <data encoding="csv">
69,45,56,43,20,59,32,31,60,32,47,31,67,32,43,70,31,22,23,57,70,58,70,70,34,22,43,47,59,44,23,72,44,36,68,22,32,68,70,59,20,56,35,60,68,32,33,58,67,24,55,69,36,71,31,22,47,31,44,24,
34,36,69,72,45,68,55,69,71,23,20,68,68,68,82,57,82,44,45,57,69,80,46,44,60,59,58,22,45,55,35,57,45,19,23,19,56,24,43,60,56,48,35,19,58,34,55,43,47,47,44,21,56,69,48,67,55,67,71,67,
67,34,55,67,43,56,56,44,20,56,58,81,80,26,25,56,44,68,26,47,45,45,45,25,82,19,22,20,59,48,43,33,72,19,56,58,60,21,70,35,34,46,58,32,20,70,60,21,22,71,34,48,36,69,19,31,56,56,67,70,
60,58,33,43,24,68,44,57,44,26,30,30,29,144,144,18,18,30,144,18,17,18,17,144,25,44,36,67,21,72,43,68,31,45,67,55,70,72,44,44,36,36,48,70,57,70,69,20,69,32,72,60,36,56,43,32,46,20,56,34,
57,46,44,56,44,56,26,18,18,144,144,144,144,144,144,144,144,144,144,144,144,144,144,144,27,58,45,56,45,71,59,22,34,32,43,34,69,68,47,67,45,72,36,36,43,43,24,34,20,43,68,20,46,69,69,55,69,70,45,31,
20,67,68,34,26,17,144,144,144,144,144,144,144,144,144,144,144,144,144,144,144,144,144,144,144,29,25,80,56,55,57,19,69,33,56,34,33,68,46,56,47,46,55,47,55,68,45,68,68,58,32,71,58,59,58,46,68,69,33,32,
47,69,57,29,144,144,144,144,144,144,144,144,144,144,144,144,144,144,144,144,144,144,144,144,144,144,144,25,80,48,55,20,22,43,20,23,56,45,59,69,32,32,19,70,68,47,43,71,69,67,59,47,57,48,55,24,31,70,44,43,
59,71,68,144,144,144,144,144,144,144,144,144,144,144,144,144,144,144,144,144,144,144,144,144,144,144,144,15,45,44,47,60,34,31,24,24,72,36,45,36,58,70,23,34,69,21,34,36,57,24,67,31,56,60,71,69,48,57,43,71,
72,71,56,7,7,14,144,144,144,144,144,144,144,144,144,144,144,144,144,144,144,144,144,144,144,144,144,144,25,58,58,43,24,31,43,71,68,20,19,32,56,20,71,31,70,31,72,43,55,43,43,43,72,33,44,24,23,70,70,58,
35,69,58,81,31,2,14,62,144,144,144,144,144,144,144,144,144,144,144,144,144,144,144,144,144,144,144,144,144,25,69,34,58,60,56,22,36,67,72,20,20,56,60,58,56,68,43,60,57,21,55,60,36,20,46,58,67,56,47,68,
22,45,72,70,69,81,5,3,14,144,144,144,144,144,144,144,38,38,52,38,63,52,65,41,62,144,144,144,144,144,18,34,21,23,69,21,21,36,55,36,46,24,72,32,58,70,70,48,35,34,71,55,32,47,57,44,60,24,69,45,
23,57,23,46,44,58,31,31,4,14,144,144,144,62,62,13,5,5,2,7,7,7,3,3,1,14,41,41,61,61,65,34,33,32,24,58,20,45,47,55,45,69,47,60,24,71,68,60,57,36,19,48,19,23,32,70,21,46,43,21,
21,46,57,69,81,81,31,31,31,4,16,144,13,2,2,5,34,31,71,21,21,22,44,67,71,2,1,1,10,10,10,34,44,48,24,43,58,57,24,68,48,60,68,32,19,68,23,31,70,31,32,19,31,71,55,71,46,70,32,70,
34,57,80,68,26,17,30,29,18,18,144,13,2,44,20,22,71,70,69,43,21,72,44,55,57,44,48,23,24,55,35,47,32,71,43,67,32,19,57,22,47,46,31,35,69,68,34,20,68,58,46,58,69,21,47,72,21,24,58,43,
72,57,144,29,144,144,144,144,144,63,13,4,47,68,36,72,58,59,70,24,46,19,31,47,23,46,34,20,34,55,43,60,24,24,58,60,21,33,68,71,22,36,48,44,33,56,57,36,57,59,56,55,24,72,32,33,35,72,67,55,
36,58,37,37,65,53,42,62,13,2,6,35,72,43,36,21,48,19,72,57,60,48,59,21,60,32,58,59,21,32,56,20,59,68,56,34,21,22,34,55,60,72,32,19,24,68,70,31,44,24,67,58,58,67,31,35,48,21,43,22,
35,58,10,10,6,3,1,2,2,56,60,21,24,57,67,55,48,22,36,23,34,33,19,68,60,46,68,20,55,48,33,35,46,57,31,34,72,31,67,43,48,19,60,34,67,70,48,23,33,55,33,35,72,68,72,22,70,59,22,36,
43,67,59,68,20,67,24,80,20,23,59,44,45,45,69,55,23,22,60,23,57,21,32,24,71,21,58,60,71,56,35,44,48,60,21,70,23,21,23,43,23,67,22,69,43,31,32,60,67,32,36,36,45,60,60,24,43,44,32,68,
43,33,21,34,21,24,71,59,34,32,71,35,20,45,47,23,46,23,71,24,72,60,67,24,21,72,22,44,69,32,45,45,57,24,24,56,48,19,67,45,58,36,43,68,57,72,55,47,32,19,33,44,22,31,47,33,20,55,33,24,
31,34,46,19,20,56,67,68,57,58,33,22,71,72,69,22,34,69,46,22,35,69,34,35,71,72,60,20,56,19,34,44,35,72,70,72,71,56,48,21,60,21,57,31,44,55,31,24,47,34,44,21,36,43,32,21,24,55,45,46
</data>
 </layer>
 <layer name="Collision" width="60" height="20" opacity="0.3">
  <properties>
   <property name="draw" value="false"/>
  </properties>
  <data encoding="csv">
0,0,0,0,0,0,0,0,0,0,0,0,0,0,0,0,0,0,0,0,0,0,0,0,0,0,0,0,0,0,0,0,0,0,0,0,0,0,0,0,0,0,0,0,0,0,0,0,0,0,0,0,0,0,0,0,0,0,0,0,
0,0,0,0,0,0,0,0,0,0,0,0,145,145,145,145,0,145,145,145,0,0,145,145,145,0,0,0,0,0,0,0,0,0,0,0,0,0,0,0,0,0,0,0,0,0,0,0,0,0,0,0,0,0,0,0,0,0,0,0,
0,0,0,0,0,0,0,0,145,145,145,145,145,0,0,145,145,145,0,145,145,145,145,0,145,145,0,0,0,0,0,0,0,0,0,0,0,0,0,0,0,0,0,0,0,0,0,0,0,0,0,0,0,0,0,0,0,0,0,0,
0,0,0,0,0,145,145,145,145,0,0,0,0,0,0,0,0,0,0,0,0,0,0,0,0,145,0,0,0,0,0,0,0,0,0,0,0,0,0,0,0,0,0,0,0,0,0,0,0,0,0,0,0,0,0,0,0,0,0,0,
0,0,0,145,145,145,0,0,0,0,0,0,0,0,0,0,0,0,0,0,0,0,0,0,0,145,145,145,0,0,0,0,0,0,0,0,0,0,0,0,0,0,0,0,0,0,0,0,0,0,0,0,0,0,0,0,0,0,0,0,
0,145,145,145,0,0,0,0,0,0,0,0,0,0,0,0,0,0,0,0,0,0,0,0,0,0,0,145,145,0,0,0,0,0,0,0,0,0,0,0,0,0,0,0,0,0,0,0,0,0,0,0,0,0,0,0,0,0,0,0,
0,145,0,0,0,0,0,0,0,0,0,0,0,0,0,0,0,0,0,0,0,0,0,0,0,0,0,0,145,0,0,0,0,0,0,0,0,0,0,0,0,0,0,0,0,0,0,0,0,0,0,0,0,0,0,0,0,0,0,0,
0,145,0,0,0,0,0,0,0,0,0,0,0,0,0,0,0,0,0,0,0,0,0,0,0,0,0,0,145,145,0,0,0,0,0,0,0,0,0,0,0,0,0,0,0,0,0,0,0,0,0,0,0,0,0,0,0,0,0,0,
0,145,145,145,145,0,0,0,0,0,0,0,0,0,0,0,0,0,0,0,0,0,0,0,0,0,0,0,0,145,145,0,0,0,0,0,0,0,0,0,0,0,0,0,0,0,0,0,0,0,0,0,0,0,0,0,0,0,0,0,
0,0,0,0,145,145,0,0,0,0,0,0,0,0,0,0,0,0,0,0,0,0,0,0,0,0,0,0,0,0,145,145,145,0,0,0,0,0,0,0,0,0,0,0,0,0,0,0,0,0,0,0,0,0,0,0,0,0,0,0,
0,0,0,0,0,145,145,145,0,0,0,0,0,0,0,0,0,0,0,0,0,0,0,0,0,0,0,0,0,0,0,0,145,0,0,0,0,0,0,0,0,0,0,0,0,0,0,0,0,0,0,0,0,0,0,0,0,0,0,0,
0,0,0,0,0,0,0,145,145,0,0,0,0,0,0,0,145,145,145,145,145,145,145,145,145,0,0,0,0,0,0,0,145,0,0,0,0,0,0,0,0,0,0,0,0,0,0,0,0,0,0,0,0,0,0,0,0,0,0,0,
0,0,0,145,145,145,145,145,145,145,0,0,0,145,145,145,145,0,0,0,0,0,0,0,145,145,145,145,145,145,145,145,145,0,0,0,0,0,0,0,0,0,0,0,0,0,0,0,0,0,0,0,0,0,0,0,0,0,0,0,
145,145,145,145,0,0,0,0,0,0,0,0,145,145,0,0,0,0,0,0,0,0,0,0,0,0,0,0,0,0,0,0,0,0,0,0,0,0,0,0,0,0,0,0,0,0,0,0,0,0,0,0,0,0,0,0,0,0,0,0,
145,0,0,0,0,0,0,0,0,0,0,145,145,0,0,0,0,0,0,0,0,0,0,0,0,0,0,0,0,0,0,0,0,0,0,0,0,0,0,0,0,0,0,0,0,0,0,0,0,0,0,0,0,0,0,0,0,0,0,0,
145,0,0,0,0,0,0,0,0,145,145,145,0,0,0,0,0,0,0,0,0,0,0,0,0,0,0,0,0,0,0,0,0,0,0,0,0,0,0,0,0,0,0,0,0,0,0,0,0,0,0,0,0,0,0,0,0,0,0,0,
145,145,145,145,145,145,145,145,145,145,0,0,0,0,0,0,0,0,0,0,0,0,0,0,0,0,0,0,0,0,0,0,0,0,0,0,0,0,0,0,0,0,0,0,0,0,0,0,0,0,0,0,0,0,0,0,0,0,0,0,
0,0,0,0,0,0,0,0,0,0,0,0,0,0,0,0,0,0,0,0,0,0,0,0,0,0,0,0,0,0,0,0,0,0,0,0,0,0,0,0,0,0,0,0,0,0,0,0,0,0,0,0,0,0,0,0,0,0,0,0,
0,0,0,0,0,0,0,0,0,0,0,0,0,0,0,0,0,0,0,0,0,0,0,0,0,0,0,0,0,0,0,0,0,0,0,0,0,0,0,0,0,0,0,0,0,0,0,0,0,0,0,0,0,0,0,0,0,0,0,0,
0,0,0,0,0,0,0,0,0,0,0,0,0,0,0,0,0,0,0,0,0,0,0,0,0,0,0,0,0,0,0,0,0,0,0,0,0,0,0,0,0,0,0,0,0,0,0,0,0,0,0,0,0,0,0,0,0,0,0,0
</data>
 </layer>
 <layer name="Objects" width="60" height="20" visible="0" opacity="0.23">
  <properties>
   <property name="draw" value="false"/>
  </properties>
  <data encoding="csv">
0,0,0,0,0,0,0,0,0,0,0,0,0,0,0,0,0,0,0,0,0,0,0,0,0,0,0,0,0,0,0,0,0,0,0,0,0,0,0,0,0,0,0,0,0,0,0,0,0,0,0,0,0,0,0,0,0,0,0,0,
0,0,0,0,0,0,0,0,0,0,0,0,0,0,0,0,0,0,0,0,0,0,0,0,0,0,0,0,0,0,0,0,0,0,0,0,0,0,0,0,0,0,0,0,0,0,0,0,0,0,0,0,0,0,0,0,0,0,0,0,
0,0,0,0,0,0,0,0,0,0,0,0,0,0,0,0,0,0,0,0,0,0,0,0,0,0,0,0,0,0,0,0,0,0,0,0,0,0,0,0,0,0,0,0,0,0,0,0,0,0,0,0,0,0,0,0,0,0,0,0,
0,0,0,0,0,0,0,0,0,0,0,0,0,0,0,0,0,0,0,0,0,0,0,0,0,0,0,0,0,0,0,0,0,0,0,0,0,0,0,0,0,0,0,0,0,0,0,0,0,0,0,0,0,0,0,0,0,0,0,0,
0,0,0,0,0,0,0,0,0,0,0,0,0,0,0,0,0,0,0,0,0,0,0,0,0,0,0,0,0,0,0,0,0,0,0,0,0,0,0,0,0,0,0,0,0,0,0,0,0,0,0,0,0,0,0,0,0,0,0,0,
0,0,0,0,0,0,0,0,0,0,0,0,0,0,0,0,0,0,0,0,0,0,0,0,0,0,0,0,0,0,0,0,0,0,0,0,0,0,0,0,0,0,0,0,0,0,0,0,0,0,0,0,0,0,0,0,0,0,0,0,
0,0,0,0,0,0,0,0,0,0,0,0,0,0,0,0,0,0,0,0,0,0,0,0,0,0,0,0,0,0,0,0,0,0,0,0,0,0,0,0,0,0,0,0,0,0,0,0,0,0,0,0,0,0,0,0,0,0,0,0,
0,0,0,0,0,0,0,0,0,0,0,0,0,0,0,0,0,0,0,0,0,0,0,0,0,0,0,0,0,0,0,0,0,0,0,0,0,0,0,0,0,0,0,0,0,0,0,0,0,0,0,0,0,0,0,0,0,0,0,0,
0,0,0,0,0,0,0,0,0,0,0,0,0,0,0,0,0,0,0,0,0,0,0,0,0,0,0,0,0,0,0,0,0,0,0,0,0,0,0,0,0,0,0,0,0,0,0,0,0,0,0,0,0,0,0,0,0,0,0,0,
0,0,0,0,0,0,0,0,0,0,0,0,0,0,0,0,0,0,0,0,0,0,0,0,0,0,0,0,0,0,0,0,0,0,0,0,0,0,0,0,0,0,0,0,0,0,0,0,0,0,0,0,0,0,0,0,0,0,0,0,
0,0,0,0,0,0,0,0,0,0,0,0,0,0,0,0,0,0,0,0,0,0,0,0,0,0,0,0,0,0,0,0,0,0,0,0,0,0,0,0,0,0,0,0,0,0,0,0,0,0,0,0,0,0,0,0,0,0,0,0,
0,0,0,0,0,0,0,0,0,0,0,0,0,0,0,0,0,0,0,0,0,0,0,0,0,0,0,0,0,0,0,0,0,0,0,0,0,0,0,0,0,0,0,0,0,0,0,0,0,0,0,0,0,0,0,0,0,0,0,0,
0,0,0,0,0,0,0,0,0,0,0,0,0,0,0,0,0,0,0,0,0,0,0,0,0,0,0,0,0,0,0,0,0,0,0,0,0,0,0,0,0,0,0,0,0,0,0,0,0,0,0,0,0,0,0,0,0,0,0,0,
0,0,0,0,0,0,0,0,0,0,0,0,0,0,0,0,0,0,0,0,0,0,0,0,0,0,0,0,0,0,0,0,0,0,0,0,0,0,0,0,0,0,0,0,0,0,0,0,0,0,0,0,0,0,0,0,0,0,0,0,
0,0,0,0,0,0,0,0,0,0,0,0,0,0,0,0,0,0,0,0,0,0,0,0,0,0,0,0,0,0,0,0,0,0,0,0,0,0,0,0,0,0,0,0,0,0,0,0,0,0,0,0,0,0,0,0,0,0,0,0,
0,0,0,0,0,0,0,0,0,0,0,0,0,0,0,0,0,0,0,0,0,0,0,0,0,0,0,0,0,0,0,0,0,0,0,0,0,0,0,0,0,0,0,0,0,0,0,0,0,0,0,0,0,0,0,0,0,0,0,0,
0,0,0,0,0,0,0,0,0,0,0,0,0,0,0,0,0,0,0,0,0,0,0,0,0,0,0,0,0,0,0,0,0,0,0,0,0,0,0,0,0,0,0,0,0,0,0,0,0,0,0,0,0,0,0,0,0,0,0,0,
0,0,0,0,0,0,0,0,0,0,0,0,0,0,0,0,0,0,0,0,0,0,0,0,0,0,0,0,0,0,0,0,0,0,0,0,0,0,0,0,0,0,0,0,0,0,0,0,0,0,0,0,0,0,0,0,0,0,0,0,
0,0,0,0,0,0,0,0,0,0,0,0,0,0,0,0,0,0,0,0,0,0,0,0,0,0,0,0,0,0,0,0,0,0,0,0,0,0,0,0,0,0,0,0,0,0,0,0,0,0,0,0,0,0,0,0,0,0,0,0,
0,0,0,0,0,0,0,0,0,0,0,0,0,0,0,0,0,0,0,0,0,0,0,0,0,0,0,0,0,0,0,0,0,0,0,0,0,0,0,0,0,0,0,0,0,0,0,0,0,0,0,0,0,0,0,0,0,0,0,0
</data>
 </layer>
 <objectgroup name="Doors" width="60" height="20">
  <object name="leftTopDoor" type="Door" x="64" y="192" width="32" height="64">
   <properties>
    <property name="toDoor" value="rightDoor"/>
    <property name="toMap" value="room2_8"/>
   </properties>
  </object>
  <object name="leftBotDoor" type="Door" x="32" y="448" width="32" height="64">
   <properties>
    <property name="toDoor" value="rightDoor"/>
    <property name="toMap" value="room1_5"/>
   </properties>
  </object>
  <object name="rightDoor" type="Door" x="992" y="320" width="32" height="64">
   <properties>
    <property name="toDoor" value="leftDoor"/>
    <property name="toMap" value="room1_1"/>
   </properties>
  </object>
 </objectgroup>
 <objectgroup name="Enemies" width="60" height="20">
  <object gid="149" x="128" y="512"/>
  <object gid="149" x="160" y="480"/>
  <object gid="149" x="192" y="512"/>
  <object gid="147" x="576" y="96">
   <properties>
    <property name="rotation" value="270"/>
   </properties>
  </object>
  <object gid="147" x="736" y="96">
   <properties>
    <property name="rotation" value="270"/>
   </properties>
  </object>
  <object gid="149" x="320" y="448"/>
  <object gid="154" x="96" y="256">
   <properties>
    <property name="isFlipped" value=""/>
   </properties>
  </object>
  <object gid="151" x="64" y="512">
   <properties>
    <property name="isFlipped" value=""/>
   </properties>
  </object>
 </objectgroup>
</map>
