<?xml version="1.0" encoding="UTF-8"?>
<map version="1.0" orientation="orthogonal" width="30" height="20" tilewidth="32" tileheight="32">
 <properties>
  <property name="MapName" value="The Cave"/>
 </properties>
 <tileset firstgid="1" name="tilemap" tilewidth="32" tileheight="32">
  <image source="gfx/tileset.png" width="384" height="384"/>
 </tileset>
 <tileset firstgid="145" name="collision" tilewidth="32" tileheight="32">
  <image source="gfx/collision.png" width="32" height="32"/>
 </tileset>
 <tileset firstgid="146" name="objects" tilewidth="32" tileheight="32">
  <image source="gfx/objects.png" width="384" height="32"/>
 </tileset>
 <layer name="BG" width="30" height="20">
  <data encoding="csv">
85,86,87,88,89,90,91,92,93,94,95,96,85,86,87,88,89,90,91,92,93,94,95,96,85,86,87,88,89,90,
97,98,99,100,101,102,103,104,105,106,107,108,97,98,99,100,101,102,103,104,105,106,107,108,97,98,99,100,101,102,
109,110,111,112,113,114,115,116,117,118,119,120,109,127,122,141,94,114,115,116,117,118,119,120,109,110,111,112,113,114,
121,122,123,124,125,126,85,120,87,130,142,99,125,110,105,91,104,126,105,128,129,130,131,132,121,122,123,124,125,126,
85,86,87,88,89,130,131,100,88,102,86,87,120,100,135,86,142,89,129,104,118,94,95,96,85,86,87,88,89,90,
97,98,99,91,116,113,111,100,140,86,87,87,87,114,93,88,99,118,116,123,130,132,107,108,97,98,99,100,101,102,
109,119,116,101,114,101,135,85,119,86,102,93,99,93,107,107,118,94,114,87,106,93,99,114,109,110,111,112,113,114,
121,95,114,93,104,132,85,102,100,105,93,104,104,112,113,88,111,87,106,105,107,98,135,119,114,99,123,124,125,126,
99,107,118,99,103,91,91,100,95,95,95,95,115,114,122,95,99,88,105,87,102,99,120,87,87,102,87,88,89,90,
92,114,99,111,138,118,112,112,130,93,116,89,99,87,103,103,93,93,116,114,126,87,140,113,108,132,99,100,101,102,
112,100,90,115,94,115,115,98,104,113,89,87,90,93,88,89,87,128,120,120,96,89,90,133,140,116,111,112,113,114,
121,122,123,124,125,126,127,128,142,135,120,114,90,89,90,86,142,128,140,134,132,142,119,123,121,122,123,124,125,126,
85,86,87,88,89,90,91,92,93,94,93,116,90,87,100,86,128,87,140,127,104,87,122,121,85,86,87,88,89,90,
97,98,99,100,101,102,103,104,105,106,107,89,95,120,112,100,109,108,108,86,129,90,132,111,97,98,99,100,101,102,
109,110,111,112,113,114,115,116,117,118,119,120,106,137,94,142,117,96,110,107,117,86,92,114,116,107,113,112,113,114,
121,122,123,124,125,126,127,128,129,130,131,132,121,122,123,124,125,90,95,85,89,108,138,111,93,89,142,124,125,126,
85,86,87,88,89,90,91,92,93,94,95,96,85,86,87,88,89,114,114,106,126,100,135,123,130,107,98,88,89,90,
97,98,99,100,101,102,103,104,105,106,107,108,97,98,99,100,101,102,103,104,129,99,102,86,104,96,91,100,101,102,
109,110,111,112,113,114,115,116,117,118,119,120,109,110,111,112,113,114,115,116,117,118,119,120,109,110,111,112,113,114,
121,122,123,124,125,126,127,128,129,130,131,132,121,122,123,124,125,126,127,128,129,130,131,132,121,122,123,124,125,126
</data>
 </layer>
 <layer name="FG" width="30" height="20">
  <data encoding="csv">
81,43,45,68,55,79,32,82,70,33,34,45,58,70,32,31,67,56,32,68,44,80,82,60,36,81,46,48,34,80,
46,35,84,79,45,45,80,80,43,34,84,71,55,44,45,46,47,48,55,35,70,47,79,33,60,70,81,71,45,80,
84,60,82,69,48,67,60,80,82,84,23,23,23,35,144,144,36,23,23,45,45,71,57,44,79,57,46,68,45,43,
58,31,57,35,31,47,22,32,20,44,22,35,35,34,28,15,36,33,46,45,45,56,80,57,35,68,83,60,69,43,
34,82,34,19,34,45,26,29,30,29,30,30,18,30,144,144,30,25,44,20,45,46,83,69,72,79,32,83,34,81,
67,19,19,19,26,17,144,144,144,144,144,144,144,144,144,144,144,144,25,47,33,44,34,23,59,47,84,35,81,60,
59,19,19,26,144,144,144,144,144,144,144,144,144,144,144,144,144,144,144,29,25,36,36,21,21,19,56,69,56,82,
68,19,26,144,144,144,144,144,144,144,144,144,144,144,144,144,144,144,144,144,144,18,18,25,34,19,56,72,71,46,
35,19,14,54,41,38,49,144,144,144,144,144,144,144,144,144,144,144,144,144,144,144,144,144,25,19,71,32,82,81,
84,19,10,10,7,7,8,14,37,144,144,144,144,144,144,144,144,144,144,144,144,144,144,39,13,19,71,31,84,80,
82,59,48,69,44,19,19,4,11,14,144,144,144,75,49,50,65,144,144,144,53,53,13,3,3,19,34,48,56,33,
82,80,58,80,43,19,19,19,19,3,14,144,15,1,3,3,4,16,144,15,4,12,12,19,19,19,47,36,44,56,
60,67,79,31,55,45,68,71,31,67,12,14,144,17,17,18,18,144,144,27,20,20,20,20,19,19,57,79,57,58,
33,31,60,67,47,31,48,60,36,32,58,6,14,54,77,61,61,144,144,144,25,20,20,20,20,19,57,81,44,67,
44,47,35,48,56,43,67,80,68,82,83,80,3,3,10,6,3,14,144,144,144,29,25,20,20,19,81,31,70,43,
80,71,46,47,70,82,31,82,60,47,83,59,84,68,72,80,59,4,14,49,49,144,144,29,25,20,33,72,31,84,
82,31,82,43,33,33,44,33,31,44,70,68,80,46,81,60,80,35,11,10,10,14,64,53,62,20,35,47,57,35,
47,31,34,48,72,71,47,71,81,45,32,67,36,43,44,57,55,35,57,80,34,12,2,8,8,20,59,32,43,58,
44,47,45,34,69,32,47,48,80,33,81,83,68,72,69,58,35,80,68,72,48,60,47,68,46,82,43,47,82,55,
32,79,83,48,56,46,67,56,56,55,55,59,84,60,57,36,44,34,82,84,56,32,47,55,70,48,82,34,35,56
</data>
 </layer>
 <layer name="Collision" width="30" height="20" visible="0" opacity="0.26">
  <properties>
   <property name="draw" value="false"/>
  </properties>
  <data encoding="csv">
0,0,0,0,0,0,0,0,0,0,0,0,0,0,0,0,0,0,0,0,0,0,0,0,0,0,0,0,0,0,
0,0,0,0,0,0,0,0,0,0,0,0,0,145,145,145,145,0,0,0,0,0,0,0,0,0,0,0,0,0,
0,0,0,0,0,0,0,0,0,0,0,0,0,145,0,0,145,0,0,0,0,0,0,0,0,0,0,0,0,0,
0,0,0,0,0,145,145,145,145,145,145,145,145,145,0,0,145,145,145,0,0,0,0,0,0,0,0,0,0,0,
0,0,0,145,145,145,0,0,0,0,0,0,0,0,0,0,0,0,145,145,0,0,0,0,0,0,0,0,0,0,
0,145,145,145,0,0,0,0,0,0,0,0,0,0,0,0,0,0,0,145,145,145,145,0,0,0,0,0,0,0,
145,145,145,0,0,0,0,0,0,0,0,0,0,0,0,0,0,0,0,0,0,145,145,145,145,145,0,0,0,0,
145,0,0,0,0,0,0,0,0,0,0,0,0,0,0,0,0,0,0,0,0,0,0,0,145,145,145,0,0,0,
145,0,0,0,0,0,0,0,0,0,0,0,0,0,0,0,0,0,0,0,0,0,0,0,0,0,145,0,0,0,
145,145,145,145,145,145,145,0,0,0,0,0,0,0,0,0,0,0,0,0,0,0,0,0,0,0,145,0,0,0,
0,0,0,0,0,0,145,145,145,0,0,0,0,0,0,0,0,0,0,0,0,0,0,145,145,145,145,0,0,0,
0,0,0,0,0,0,0,0,145,145,0,0,0,145,145,145,145,0,0,0,145,145,145,145,0,0,0,0,0,0,
0,0,0,0,0,0,0,0,0,145,145,0,0,0,0,0,0,0,0,0,145,145,0,0,0,145,0,0,0,0,
0,0,0,0,0,0,0,0,0,0,145,145,0,0,0,0,0,0,0,0,0,145,145,145,0,145,0,0,0,0,
0,0,0,0,0,0,0,0,0,0,0,145,145,145,145,145,145,0,0,0,0,0,0,145,145,145,145,0,0,0,
0,0,0,0,0,0,0,0,0,0,0,0,0,0,0,0,145,145,0,0,0,0,0,0,0,0,145,0,0,0,
0,0,0,0,0,0,0,0,0,0,0,0,0,0,0,0,0,145,145,145,145,0,0,0,0,0,145,0,0,0,
0,0,0,0,0,0,0,0,0,0,0,0,0,0,0,0,0,0,0,0,145,145,145,145,145,145,145,0,0,0,
0,0,0,0,0,0,0,0,0,0,0,0,0,0,0,0,0,0,0,0,0,0,0,0,0,0,0,0,0,0,
0,0,0,0,0,0,0,0,0,0,0,0,0,0,0,0,0,0,0,0,0,0,0,0,0,0,0,0,0,0
</data>
 </layer>
 <layer name="Objects" width="30" height="20" opacity="0.23">
  <properties>
   <property name="draw" value="false"/>
  </properties>
  <data encoding="csv">
0,0,0,0,0,0,0,0,0,0,0,0,0,0,0,0,0,0,0,0,0,0,0,0,0,0,0,0,0,0,
0,0,0,0,0,0,0,0,0,0,0,0,0,0,0,0,0,0,0,0,0,0,0,0,0,0,0,0,0,0,
0,0,0,0,0,0,0,0,0,0,0,0,0,0,0,0,0,0,0,0,0,0,0,0,0,0,0,0,0,0,
0,0,0,0,0,0,0,0,0,0,0,0,0,0,0,0,0,0,0,0,0,0,0,0,0,0,0,0,0,0,
0,0,0,0,0,0,0,0,0,0,0,0,0,0,0,0,0,0,0,0,0,0,0,0,0,0,0,0,0,0,
0,0,0,0,0,0,0,0,0,0,0,0,0,0,0,0,0,0,0,0,0,0,0,0,0,0,0,0,0,0,
0,0,0,0,0,0,0,0,0,0,0,0,0,0,0,0,0,0,0,0,0,0,0,0,0,0,0,0,0,0,
0,0,0,0,0,0,0,0,0,0,0,0,0,0,0,0,0,0,0,0,0,0,0,0,0,0,0,0,0,0,
0,0,0,0,0,0,0,0,0,0,0,0,0,0,0,0,0,0,0,0,0,0,0,0,0,0,0,0,0,0,
0,0,0,0,0,0,0,0,0,0,0,0,0,0,0,0,0,0,0,0,0,0,0,0,0,0,0,0,0,0,
0,0,0,0,0,0,0,0,0,0,0,0,0,0,0,0,0,0,0,0,0,0,0,0,0,0,0,0,0,0,
0,0,0,0,0,0,0,0,0,0,0,0,0,0,0,0,0,0,0,0,0,0,0,0,0,0,0,0,0,0,
0,0,0,0,0,0,0,0,0,0,0,0,0,0,0,0,0,0,0,0,0,0,0,0,0,0,0,0,0,0,
0,0,0,0,0,0,0,0,0,0,0,0,0,0,0,0,0,0,0,0,0,0,0,0,0,0,0,0,0,0,
0,0,0,0,0,0,0,0,0,0,0,0,0,0,0,0,0,0,0,0,0,0,0,0,0,0,0,0,0,0,
0,0,0,0,0,0,0,0,0,0,0,0,0,0,0,0,0,0,0,0,0,0,0,0,0,0,0,0,0,0,
0,0,0,0,0,0,0,0,0,0,0,0,0,0,0,0,0,0,0,0,0,0,0,0,0,0,0,0,0,0,
0,0,0,0,0,0,0,0,0,0,0,0,0,0,0,0,0,0,0,0,0,0,0,0,0,0,0,0,0,0,
0,0,0,0,0,0,0,0,0,0,0,0,0,0,0,0,0,0,0,0,0,0,0,0,0,0,0,0,0,0,
0,0,0,0,0,0,0,0,0,0,0,0,0,0,0,0,0,0,0,0,0,0,0,0,0,0,0,0,0,0
</data>
 </layer>
 <objectgroup name="Doors" width="30" height="20">
  <object name="tutorialDoor" type="Door" x="448" y="64" width="64" height="32">
   <properties>
    <property name="toDoor" value=""/>
    <property name="toMap" value=""/>
   </properties>
  </object>
  <object name="rightBotDoor" type="Door" x="800" y="480" width="32" height="64">
   <properties>
    <property name="toDoor" value="leftDoor"/>
    <property name="toMap" value="room2_1"/>
   </properties>
  </object>
  <object name="leftDoor" type="Door" x="32" y="224" width="32" height="64">
   <properties>
    <property name="toDoor" value="rightDoor"/>
    <property name="toMap" value="room1_4"/>
   </properties>
  </object>
  <object name="rightTopDoor" type="Door" x="800" y="256" width="32" height="64">
   <properties>
    <property name="toDoor" value="leftDoor"/>
    <property name="toMap" value="room1_2"/>
   </properties>
  </object>
 </objectgroup>
 <objectgroup name="Enemies" width="30" height="20">
  <object gid="151" x="768" y="320"/>
  <object gid="151" x="64" y="288">
   <properties>
    <property name="isFlipped" value="true"/>
   </properties>
  </object>
  <object gid="154" x="768" y="544"/>
  <object gid="147" x="192" y="160">
   <properties>
    <property name="rotation" value="270"/>
   </properties>
  </object>
  <object gid="147" x="128" y="192">
   <properties>
    <property name="rotation" value="270"/>
   </properties>
  </object>
 </objectgroup>
</map>
