<?xml version="1.0" encoding="UTF-8"?>
<map version="1.0" orientation="orthogonal" width="31" height="40" tilewidth="32" tileheight="32">
 <properties>
  <property name="MapName" value="Vertical Escape 03 - Collapsed"/>
 </properties>
 <tileset firstgid="1" name="tilemap" tilewidth="32" tileheight="32">
  <image source="gfx/tileset.png" width="384" height="384"/>
 </tileset>
 <tileset firstgid="145" name="collision" tilewidth="32" tileheight="32">
  <image source="gfx/collision.png" width="32" height="32"/>
 </tileset>
 <tileset firstgid="146" name="objects" tilewidth="32" tileheight="32">
  <image source="gfx/objects.png" width="384" height="32"/>
 </tileset>
 <layer name="BG" width="31" height="40" visible="0">
  <data encoding="csv">
94,141,135,85,89,105,123,138,121,90,90,103,121,133,129,131,137,118,114,133,115,141,139,104,100,107,109,115,117,125,117,
142,88,129,139,104,125,124,129,138,88,112,85,98,139,138,143,97,106,140,131,116,137,98,92,142,101,111,114,136,101,128,
95,135,130,103,139,123,142,119,113,92,115,99,124,111,103,133,130,140,141,113,134,137,85,107,129,95,139,88,103,129,129,
121,104,89,87,107,89,137,123,141,104,87,106,106,131,126,89,129,111,98,90,107,111,91,116,107,99,86,134,104,86,115,
91,119,112,85,95,128,128,142,113,87,126,118,129,131,97,110,110,118,143,135,124,109,94,92,124,135,107,94,103,95,102,
143,135,113,130,97,133,135,104,91,125,123,141,110,106,121,140,111,122,118,87,121,103,124,118,118,114,86,91,98,106,103,
135,119,90,136,112,107,109,127,143,116,111,107,106,94,115,140,97,117,95,100,112,91,91,127,105,88,91,117,104,126,126,
112,135,88,126,142,118,89,90,136,89,121,113,91,121,90,126,95,129,91,124,137,117,136,122,119,125,99,118,126,121,116,
116,94,91,94,109,130,106,98,138,93,97,87,130,125,124,139,117,115,121,121,112,95,124,97,122,122,112,112,127,99,127,
90,118,142,143,86,115,89,99,119,117,90,86,116,121,112,104,112,106,87,139,113,101,128,104,129,98,124,126,97,124,117,
124,119,127,94,101,89,95,127,100,95,101,134,93,134,90,97,137,85,86,95,110,86,106,142,106,103,140,99,103,125,126,
109,139,109,134,125,135,135,134,122,143,111,112,136,119,109,89,88,119,116,105,111,88,122,111,136,100,103,89,95,118,104,
121,116,103,137,103,121,134,90,115,109,121,109,131,107,98,105,105,143,99,129,113,98,117,110,127,143,121,89,89,88,105,
85,109,127,124,129,119,109,114,133,141,95,107,101,104,115,115,114,143,113,116,134,86,107,127,101,128,87,101,107,136,127,
104,90,122,87,97,109,95,107,135,109,141,131,128,87,124,126,123,99,89,143,107,136,110,130,103,97,134,104,123,110,105,
113,105,107,138,113,138,92,131,98,142,104,112,106,133,117,115,121,124,119,115,122,123,118,112,134,89,101,128,125,104,129,
92,114,90,130,100,130,142,127,110,127,134,111,129,97,93,93,88,97,104,102,123,134,141,106,123,93,106,89,136,137,116,
111,101,106,135,103,100,89,118,130,92,131,139,127,141,140,131,111,105,131,112,104,98,102,103,122,106,92,122,100,109,104,
90,111,112,112,126,88,107,97,98,102,93,89,114,140,98,126,124,87,106,118,110,88,115,101,88,141,127,94,134,95,102,
102,131,123,94,122,141,135,138,114,97,124,123,124,121,134,137,106,110,114,143,131,94,89,140,97,128,102,101,112,137,104,
121,93,124,140,116,97,102,86,99,107,94,97,143,109,113,129,97,121,107,101,109,136,94,117,104,111,117,101,91,125,105,
90,105,134,131,135,136,130,135,129,85,125,126,94,139,116,106,94,134,106,110,106,93,121,131,91,130,98,114,135,101,126,
129,87,98,137,123,101,115,86,121,139,112,123,102,143,86,122,89,92,92,134,88,119,85,101,127,134,129,126,93,113,127,
106,110,107,142,103,135,141,134,107,105,97,115,137,113,106,106,92,98,130,119,139,137,93,128,100,142,124,130,94,102,104,
99,136,88,116,114,128,131,102,124,99,91,140,107,114,102,101,124,123,106,100,102,130,109,111,141,118,119,143,92,85,127,
89,127,105,89,105,112,99,101,135,101,100,121,107,112,103,90,117,143,106,134,88,86,124,122,102,129,88,129,142,99,127,
121,118,130,122,142,101,128,126,130,87,128,93,138,113,85,104,135,104,128,114,116,92,99,115,140,88,137,141,109,86,128,
142,109,102,92,89,90,140,87,142,126,121,129,89,119,93,92,101,100,109,135,131,104,101,99,106,99,143,98,89,130,115,
129,140,123,118,106,105,136,92,125,105,86,125,93,90,138,111,113,139,130,140,133,99,110,98,124,98,114,133,113,128,104,
111,110,110,128,109,130,93,90,124,143,136,92,117,142,100,109,123,117,85,114,101,123,87,134,134,93,85,129,142,91,105,
92,111,100,88,98,85,100,135,86,103,143,139,126,129,136,110,122,93,128,95,118,117,106,113,88,123,115,85,124,101,127,
110,87,139,116,127,93,99,128,141,109,141,92,100,107,98,95,116,109,122,124,125,105,112,92,135,135,113,109,90,125,105,
87,118,139,90,125,101,87,95,143,136,104,105,102,100,115,142,103,138,85,101,118,109,92,112,129,133,114,89,119,85,105,
93,85,116,93,125,121,110,141,99,105,95,135,116,118,119,119,86,130,116,97,126,94,128,136,137,118,95,105,98,94,102,
91,89,94,118,106,98,101,110,85,103,127,128,109,114,97,113,115,93,123,100,111,113,118,88,113,94,122,107,85,119,117,
111,133,135,94,111,124,141,111,99,111,95,129,130,118,124,103,125,140,92,114,142,113,119,139,103,124,89,127,118,95,104,
133,91,106,112,133,118,110,142,119,114,121,138,122,136,101,128,102,136,127,119,101,117,92,95,121,112,92,89,91,106,127,
123,124,109,117,99,133,109,103,105,119,93,123,87,126,133,125,107,139,109,119,86,105,143,114,103,117,119,136,125,93,102,
88,129,129,142,129,97,142,107,90,116,121,100,93,127,110,121,105,92,131,85,111,134,87,114,121,91,102,141,141,129,129,
137,139,93,91,85,89,98,138,109,95,100,110,89,136,124,133,139,95,92,126,97,85,141,138,124,94,91,113,133,112,129
</data>
 </layer>
 <layer name="FG" width="31" height="40">
  <data encoding="csv">
20,43,60,35,60,57,19,72,68,31,33,24,56,36,67,48,31,43,45,67,59,69,46,48,69,58,36,69,71,68,70,
33,35,59,43,69,68,45,32,35,22,34,68,47,24,20,60,59,21,60,60,58,60,44,33,72,35,46,46,33,47,44,
55,72,45,46,34,46,46,26,29,25,56,21,26,25,45,24,58,22,26,25,44,34,32,35,22,58,57,69,70,34,72,
43,44,44,26,30,18,30,144,144,144,29,30,144,144,17,18,17,17,144,144,17,18,25,59,59,57,36,60,55,46,48,
22,46,57,14,64,62,144,144,144,144,144,144,144,144,144,144,144,144,144,144,144,144,144,30,25,46,71,33,43,43,36,
70,59,24,5,6,6,28,144,144,144,144,144,144,144,144,144,144,144,144,144,144,144,144,144,144,25,36,35,36,56,35,
72,32,19,31,34,47,14,78,37,65,144,144,144,144,144,144,144,144,144,144,144,144,144,144,144,144,25,35,24,69,46,
59,59,43,22,21,21,10,9,8,8,14,144,144,144,144,144,144,144,144,144,144,144,144,144,144,144,144,25,47,43,71,
58,36,20,32,36,31,67,60,58,22,5,16,144,51,51,144,144,144,144,144,144,144,144,144,65,39,64,13,44,34,35,
19,32,32,58,19,57,20,21,48,33,26,144,27,7,7,16,144,144,144,144,144,144,144,40,11,11,1,5,44,70,32,
46,32,68,32,21,46,68,59,47,26,144,144,144,144,144,144,144,39,49,144,144,144,15,10,21,57,32,71,69,33,58,
43,48,31,44,47,56,46,47,26,144,144,144,144,144,144,144,27,6,11,16,144,144,15,33,47,33,35,36,22,20,68,
72,57,20,23,32,26,18,18,144,144,144,144,144,144,144,39,13,56,57,16,144,144,144,25,47,20,21,32,58,32,46,
43,33,35,23,26,144,144,54,40,49,144,144,144,144,27,4,12,33,26,144,144,144,144,144,25,21,35,45,57,43,44,
67,71,60,60,16,144,144,5,5,8,16,144,144,144,144,17,17,17,144,144,144,144,144,144,13,48,33,32,33,56,34,
24,24,23,36,14,144,144,17,18,18,144,144,144,144,144,144,144,144,144,144,144,144,144,27,4,22,23,60,35,20,44,
32,19,72,46,4,16,144,144,144,144,144,144,144,144,144,144,144,144,144,144,144,144,144,15,32,48,23,33,35,24,46,
24,23,70,21,22,14,144,144,144,144,144,144,144,144,144,144,144,144,144,144,144,144,144,27,56,26,25,24,47,58,71,
31,57,59,32,35,3,28,144,144,144,144,144,144,144,144,144,144,144,144,144,144,144,144,27,34,28,15,21,21,70,68,
47,56,19,32,23,34,14,54,40,52,37,144,144,144,144,144,53,42,40,40,144,144,144,144,144,144,15,32,57,36,56,
60,72,46,36,55,48,6,2,2,6,10,16,144,144,144,27,12,2,6,6,14,54,37,41,53,144,144,25,20,34,45,
48,68,58,44,72,22,58,32,47,26,30,144,144,144,144,27,34,60,36,59,12,2,5,8,8,16,144,27,33,24,56,
44,33,33,33,71,55,20,35,26,144,144,144,144,144,144,144,25,32,22,35,36,32,24,48,26,144,144,13,21,45,45,
20,46,59,56,35,35,56,26,144,144,144,144,144,144,144,144,144,25,33,47,58,58,46,36,16,144,15,12,21,60,34,
33,44,34,58,43,20,23,16,144,144,144,144,144,144,144,144,144,144,18,25,48,47,45,46,14,144,144,25,58,68,57,
21,34,43,70,35,23,26,144,144,144,144,144,144,144,144,144,144,144,144,144,25,58,33,46,7,16,144,27,46,21,48,
47,58,71,35,21,26,144,144,144,144,144,144,144,144,144,144,144,144,144,144,144,32,36,60,26,144,144,13,22,24,48,
44,69,36,36,35,28,144,144,144,144,144,144,144,144,144,144,144,144,144,144,144,25,20,60,16,144,15,2,22,72,35,
23,72,20,23,26,144,144,144,144,144,144,144,144,144,144,144,144,144,144,144,144,15,23,59,14,144,144,25,45,23,35,
56,45,56,35,14,144,144,144,144,144,144,144,144,144,144,144,144,144,144,144,144,15,24,24,10,28,144,13,60,20,46,
46,33,46,34,10,14,144,144,144,144,63,63,144,144,144,144,144,144,144,144,144,144,30,30,30,144,13,8,59,32,59,
46,57,22,22,20,11,144,144,144,15,2,2,16,144,144,144,144,144,144,144,144,144,144,144,144,13,6,26,25,34,44,
46,46,46,60,56,33,14,144,144,144,17,17,144,144,144,144,144,144,40,50,37,66,50,53,13,5,47,28,13,20,46,
60,57,23,35,23,23,7,144,144,144,144,144,144,144,144,144,144,15,10,4,4,4,9,6,2,21,26,27,3,59,36,
60,44,32,32,21,47,57,14,42,144,144,144,144,144,144,144,144,144,17,17,25,24,48,21,21,21,28,15,58,43,46,
35,35,26,17,30,25,34,7,12,14,42,144,144,144,144,144,144,144,144,144,144,30,25,35,22,26,144,15,24,23,34,
34,45,28,144,144,144,25,33,47,2,2,16,144,144,144,144,144,144,144,144,144,144,144,29,29,144,41,13,59,59,35,
36,26,144,144,144,144,144,17,29,29,29,144,144,63,42,62,61,40,65,54,64,61,42,39,54,13,5,9,47,72,45,
36,14,64,49,54,41,42,63,61,53,49,42,13,1,1,8,10,7,6,9,10,5,4,5,11,12,60,34,60,33,71,
36,10,10,8,9,12,6,2,12,7,5,6,6,21,59,44,59,47,70,44,56,24,36,20,46,43,21,60,70,45,59
</data>
 </layer>
 <layer name="Collision" width="31" height="40">
  <properties>
   <property name="draw" value="false"/>
  </properties>
  <data encoding="csv">
0,0,0,0,0,0,0,0,0,0,0,0,0,0,0,0,0,0,0,0,0,0,0,0,0,0,0,0,0,0,0,
0,0,0,0,0,0,145,145,145,145,145,145,145,145,145,145,0,145,145,145,145,0,0,0,0,0,0,0,0,0,0,
0,145,145,145,145,145,145,0,0,0,145,145,0,0,145,145,145,145,0,0,145,145,145,145,0,0,0,0,0,0,0,
0,145,0,0,0,0,0,0,0,0,0,0,0,0,0,0,0,0,0,0,0,0,0,145,145,145,0,0,0,0,0,
0,145,0,0,0,0,0,0,0,0,0,0,0,0,0,0,0,0,0,0,0,0,0,0,0,145,145,0,0,0,0,
0,145,145,145,145,145,0,0,0,0,0,0,0,0,0,0,0,0,0,0,0,0,0,0,0,0,145,145,0,0,0,
0,0,0,0,0,145,0,0,0,0,0,0,0,0,0,0,0,0,0,0,0,0,0,0,0,0,0,145,145,145,0,
0,0,0,0,0,145,145,145,145,145,0,0,0,0,0,0,0,0,0,0,0,0,0,0,0,0,0,0,0,145,0,
0,0,0,0,0,0,0,0,0,145,145,0,0,0,0,0,0,0,0,0,0,0,0,0,0,0,0,0,0,145,0,
0,0,0,0,0,0,0,0,145,145,0,0,0,145,145,0,0,0,0,0,0,0,0,0,145,145,145,145,145,145,0,
0,0,0,0,0,0,0,145,145,0,0,0,0,0,0,0,0,0,0,0,0,0,0,145,145,0,0,0,0,0,0,
0,0,0,0,145,145,145,145,0,0,0,0,0,0,0,0,0,145,145,0,0,0,0,145,145,0,0,0,0,0,0,
0,0,0,145,145,0,0,0,0,0,0,0,0,0,0,0,0,145,145,0,0,0,0,0,145,145,0,0,0,0,0,
0,0,0,145,0,0,0,0,0,0,0,0,0,0,0,145,145,145,0,0,0,0,0,0,0,145,145,0,0,0,0,
0,0,0,145,0,0,0,145,145,145,0,0,0,0,0,0,0,0,0,0,0,0,0,0,0,145,0,0,0,0,0,
0,0,0,145,0,0,0,0,0,0,0,0,0,0,0,0,0,0,0,0,0,0,0,0,145,145,0,0,0,0,0,
0,0,0,145,145,0,0,0,0,0,0,0,0,0,0,0,0,0,0,0,0,0,0,0,145,145,145,145,0,0,0,
0,0,0,0,145,0,0,0,0,0,0,0,0,0,0,0,0,0,0,0,0,0,0,0,145,0,0,145,0,0,0,
0,0,0,0,145,145,0,0,0,0,0,0,0,0,0,0,0,0,0,0,0,0,0,0,145,0,0,145,0,0,0,
0,0,0,0,0,145,0,0,0,0,0,0,0,0,0,0,0,0,0,0,0,0,0,0,0,0,0,145,145,0,0,
0,0,0,0,0,145,145,145,145,145,145,0,0,0,0,0,145,145,145,145,0,0,0,0,0,0,0,0,145,0,0,
0,0,0,0,0,0,0,145,145,0,0,0,0,0,0,0,145,145,0,145,145,145,145,145,145,0,0,0,145,0,0,
0,0,0,0,0,0,145,145,0,0,0,0,0,0,0,0,0,145,145,0,0,0,0,145,0,0,0,0,145,0,0,
0,0,0,0,0,0,145,0,0,0,0,0,0,0,0,0,0,0,145,145,145,0,0,145,0,0,0,145,145,0,0,
0,0,0,0,0,145,145,0,0,0,0,0,0,0,0,0,0,0,0,0,145,145,0,145,0,0,0,0,145,0,0,
0,0,0,0,145,145,0,0,0,0,0,0,0,0,0,0,0,0,0,0,0,145,0,145,145,0,0,0,145,0,0,
0,0,0,0,145,0,0,0,0,0,0,0,0,0,0,0,0,0,0,0,0,145,145,145,0,0,0,0,145,0,0,
0,0,0,145,145,0,0,0,0,0,0,0,0,0,0,0,0,0,0,0,0,0,145,145,0,0,0,145,145,0,0,
0,0,0,145,0,0,0,0,0,0,0,0,0,0,0,0,0,0,0,0,0,0,145,145,0,0,0,0,145,0,0,
0,0,0,145,0,0,0,0,0,0,0,0,0,0,0,0,0,0,0,0,0,0,145,145,145,0,0,0,145,0,0,
0,0,145,145,145,0,0,0,0,0,0,0,0,0,0,0,0,0,0,0,0,0,0,0,0,0,0,145,145,145,145,
0,0,0,0,145,145,0,0,0,0,145,145,0,0,0,0,0,0,0,0,0,0,0,0,0,0,145,0,0,0,145,
0,0,0,0,0,145,0,0,0,0,0,0,0,0,0,0,0,0,0,0,0,0,0,0,0,145,145,0,0,0,145,
0,0,0,0,145,145,145,0,0,0,0,0,0,0,0,0,0,0,145,145,145,145,145,145,145,145,0,0,145,145,145,
0,145,145,145,145,145,145,0,0,0,0,0,0,0,0,0,0,0,0,0,0,145,145,145,145,145,0,0,145,0,0,
145,145,145,0,0,0,145,145,145,0,0,0,0,0,0,0,0,0,0,0,0,0,0,145,145,0,0,0,145,0,0,
145,145,145,0,0,0,0,145,145,145,145,0,0,0,0,0,0,0,0,0,0,0,0,0,0,0,0,0,145,0,0,
0,0,0,0,0,0,0,0,0,0,0,0,0,0,0,0,0,0,0,0,0,0,0,0,0,0,145,145,145,0,0,
0,0,0,0,0,0,0,0,0,0,0,0,0,145,145,145,145,145,145,145,145,145,145,145,145,145,145,0,0,0,0,
145,145,145,145,145,145,145,145,145,145,145,145,145,145,0,0,0,0,0,0,0,0,0,0,0,0,0,0,0,0,0
</data>
 </layer>
 <layer name="Objects" width="31" height="40" visible="0" opacity="0.23">
  <properties>
   <property name="draw" value="false"/>
  </properties>
  <data encoding="csv">
0,0,0,0,0,0,0,0,0,0,0,0,0,0,0,0,0,0,0,0,0,0,0,0,0,0,0,0,0,0,0,
0,0,0,0,0,0,0,0,0,0,0,0,0,0,0,0,0,0,0,0,0,0,0,0,0,0,0,0,0,0,0,
0,0,0,0,0,0,0,0,0,0,0,0,0,0,0,0,0,0,0,0,0,0,0,0,0,0,0,0,0,0,0,
0,0,0,0,0,0,0,0,0,0,0,0,0,0,0,0,0,0,0,0,0,0,0,0,0,0,0,0,0,0,0,
0,0,0,0,0,0,0,0,0,0,0,0,0,0,0,0,0,0,0,0,0,0,0,0,0,0,0,0,0,0,0,
0,0,0,0,0,0,0,0,0,0,0,0,0,0,0,0,0,0,0,0,0,0,0,0,0,0,0,0,0,0,0,
0,0,0,0,0,0,0,0,0,0,0,0,0,0,0,0,0,0,0,0,0,0,0,0,0,0,0,0,0,0,0,
0,0,0,0,0,0,0,0,0,0,0,0,0,0,0,0,0,0,0,0,0,0,0,0,0,0,0,0,0,0,0,
0,0,0,0,0,0,0,0,0,0,0,0,0,0,0,0,0,0,0,0,0,0,0,0,0,0,0,0,0,0,0,
0,0,0,0,0,0,0,0,0,0,0,0,0,0,0,0,0,0,0,0,0,0,0,0,0,0,0,0,0,0,0,
0,0,0,0,0,0,0,0,0,0,0,0,0,0,0,0,0,0,0,0,0,0,0,0,0,0,0,0,0,0,0,
0,0,0,0,0,0,0,0,0,0,0,0,0,0,0,0,0,0,0,0,0,0,0,0,0,0,0,0,0,0,0,
0,0,0,0,0,0,0,0,0,0,0,0,0,0,0,0,0,0,0,0,0,0,0,0,0,0,0,0,0,0,0,
0,0,0,0,0,0,0,0,0,0,0,0,0,0,0,0,0,0,0,0,0,0,0,0,0,0,0,0,0,0,0,
0,0,0,0,0,0,0,0,0,0,0,0,0,0,0,0,0,0,0,0,0,0,0,0,0,0,0,0,0,0,0,
0,0,0,0,0,0,0,0,0,0,0,0,0,0,0,0,0,0,0,0,0,0,0,0,0,0,0,0,0,0,0,
0,0,0,0,0,0,0,0,0,0,0,0,0,0,0,0,0,0,0,0,0,0,0,0,0,0,0,0,0,0,0,
0,0,0,0,0,0,0,0,0,0,0,0,0,0,0,0,0,0,0,0,0,0,0,0,0,0,0,0,0,0,0,
0,0,0,0,0,0,0,0,0,0,0,0,0,0,0,0,0,0,0,0,0,0,0,0,0,0,0,0,0,0,0,
0,0,0,0,0,0,0,0,0,0,0,0,0,0,0,0,0,0,0,0,0,0,0,0,0,0,0,0,0,0,0,
0,0,0,0,0,0,0,0,0,0,0,0,0,0,0,0,0,0,0,0,0,0,0,0,0,0,0,0,0,0,0,
0,0,0,0,0,0,0,0,0,0,0,0,0,0,0,0,0,0,0,0,0,0,0,0,0,0,0,0,0,0,0,
0,0,0,0,0,0,0,0,0,0,0,0,0,0,0,0,0,0,0,0,0,0,0,0,0,0,0,0,0,0,0,
0,0,0,0,0,0,0,0,0,0,0,0,0,0,0,0,0,0,0,0,0,0,0,0,0,0,0,0,0,0,0,
0,0,0,0,0,0,0,0,0,0,0,0,0,0,0,0,0,0,0,0,0,0,0,0,0,0,0,0,0,0,0,
0,0,0,0,0,0,0,0,0,0,0,0,0,0,0,0,0,0,0,0,0,0,0,0,0,0,0,0,0,0,0,
0,0,0,0,0,0,0,0,0,0,0,0,0,0,0,0,0,0,0,0,0,0,0,0,0,0,0,0,0,0,0,
0,0,0,0,0,0,0,0,0,0,0,0,0,0,0,0,0,0,0,0,0,0,0,0,0,0,0,0,0,0,0,
0,0,0,0,0,0,0,0,0,0,0,0,0,0,0,0,0,0,0,0,0,0,0,0,0,0,0,0,0,0,0,
0,0,0,0,0,0,0,0,0,0,0,0,0,0,0,0,0,0,0,0,0,0,0,0,0,0,0,0,0,0,0,
0,0,0,0,0,0,0,0,0,0,0,0,0,0,0,0,0,0,0,0,0,0,0,0,0,0,0,0,0,0,0,
0,0,0,0,0,0,0,0,0,0,0,0,0,0,0,0,0,0,0,0,0,0,0,0,0,0,0,0,0,0,0,
0,0,0,0,0,0,0,0,0,0,0,0,0,0,0,0,0,0,0,0,0,0,0,0,0,0,0,0,0,0,0,
0,0,0,0,0,0,0,0,0,0,0,0,0,0,0,0,0,0,0,0,0,0,0,0,0,0,0,0,0,0,0,
0,0,0,0,0,0,0,0,0,0,0,0,0,0,0,0,0,0,0,0,0,0,0,0,0,0,0,0,0,0,0,
0,0,0,0,0,0,0,0,0,0,0,0,0,0,0,0,0,0,0,0,0,0,0,0,0,0,0,0,0,0,0,
0,0,0,0,0,0,0,0,0,0,0,0,0,0,0,0,0,0,0,0,0,0,0,0,0,0,0,0,0,0,0,
0,0,0,0,0,0,0,0,0,0,0,0,0,0,0,0,0,0,0,0,0,0,0,0,0,0,0,0,0,0,0,
0,0,0,0,0,0,0,0,0,0,0,0,0,0,0,0,0,0,0,0,0,0,0,0,0,0,0,0,0,0,0,
0,0,0,0,0,0,0,0,0,0,0,0,0,0,0,0,0,0,0,0,0,0,0,0,0,0,0,0,0,0,0
</data>
 </layer>
 <objectgroup name="Doors" width="31" height="40">
  <object name="leftBotDoor" type="Door" x="0" y="1184" width="32" height="64">
   <properties>
    <property name="toDoor" value="rightDoor"/>
    <property name="toMap" value="room1_3"/>
   </properties>
  </object>
  <object name="rightBotDoor" type="Door" x="928" y="992" width="32" height="64">
   <properties>
    <property name="toDoor" value="leftDoor"/>
    <property name="toMap" value="room2_5"/>
   </properties>
  </object>
  <object name="leftTopDoor" type="Door" x="64" y="96" width="32" height="64">
   <properties>
    <property name="toDoor" value="rightDoor"/>
    <property name="toMap" value="room2_6"/>
   </properties>
  </object>
  <object name="rightTopDoor" type="Door" x="896" y="224" width="32" height="64">
   <properties>
    <property name="toDoor" value="leftDoor"/>
    <property name="toMap" value="room2_4"/>
   </properties>
  </object>
 </objectgroup>
 <objectgroup name="Enemies" width="31" height="40" visible="0">
  <object gid="147" x="800" y="576">
   <properties>
    <property name="rotation" value="270"/>
   </properties>
  </object>
  <object gid="147" x="832" y="576">
   <properties>
    <property name="rotation" value="270"/>
   </properties>
  </object>
  <object gid="147" x="544" y="768">
   <properties>
    <property name="rotation" value="270"/>
   </properties>
  </object>
  <object gid="147" x="672" y="896"/>
  <object gid="146" x="448" y="544"/>
  <object gid="149" x="544" y="288"/>
  <object gid="154" x="864" y="288"/>
  <object gid="154" x="96" y="160">
   <properties>
    <property name="isFlipped" value=""/>
   </properties>
  </object>
  <object gid="157" x="224" y="224"/>
 </objectgroup>
</map>
