<?xml version="1.0" encoding="UTF-8"?>
<map version="1.0" orientation="orthogonal" width="21" height="40" tilewidth="32" tileheight="32">
 <properties>
  <property name="MapName" value="Refuse Pit"/>
 </properties>
 <tileset firstgid="1" name="tilemap" tilewidth="32" tileheight="32">
  <image source="gfx/tileset.png" width="384" height="384"/>
 </tileset>
 <tileset firstgid="145" name="collision" tilewidth="32" tileheight="32">
  <image source="gfx/collision.png" width="32" height="32"/>
 </tileset>
 <tileset firstgid="146" name="objects" tilewidth="32" tileheight="32">
  <image source="gfx/objects.png" width="384" height="32"/>
 </tileset>
 <layer name="BG" width="21" height="40">
  <data encoding="csv">
114,104,136,133,92,92,138,121,90,137,86,111,122,143,126,97,117,94,110,125,90,
124,105,134,106,109,141,102,94,102,130,89,142,117,99,134,140,91,131,142,98,107,
126,89,113,116,126,131,125,97,125,141,139,99,110,98,93,133,88,115,119,133,103,
116,109,92,113,125,124,141,105,126,129,100,105,124,114,134,85,114,142,99,129,85,
101,92,97,116,105,110,112,106,141,126,129,98,88,93,142,89,110,125,95,122,137,
116,141,119,99,89,109,131,121,129,111,116,104,102,129,141,105,127,115,136,139,118,
124,123,87,105,116,122,88,127,124,109,138,89,136,130,143,119,113,88,136,135,101,
102,93,114,127,122,143,137,105,128,100,141,110,109,128,129,109,124,138,123,125,136,
100,86,135,89,138,113,109,110,127,105,111,94,87,140,135,119,112,138,109,123,119,
124,111,92,133,106,135,140,123,113,100,101,104,101,104,121,119,101,106,112,105,139,
116,86,119,105,128,127,103,138,129,97,105,87,140,125,122,89,141,136,106,89,89,
113,97,136,102,141,104,88,116,119,90,116,109,106,123,114,143,119,121,140,138,130,
128,107,103,112,92,118,135,142,102,136,112,98,86,97,91,115,133,126,124,114,116,
127,98,143,143,137,141,106,142,115,103,105,90,124,122,89,102,114,111,143,114,128,
125,90,100,90,142,89,139,101,143,111,140,129,95,131,133,136,88,118,116,133,99,
102,141,104,116,93,143,91,139,118,106,119,88,110,113,124,90,113,140,86,92,134,
125,114,103,141,142,114,87,94,125,98,139,101,111,85,88,115,115,135,93,112,87,
128,142,131,104,129,138,93,99,93,106,119,86,143,131,103,95,85,90,141,113,116,
113,112,141,116,113,140,117,111,130,138,128,89,121,140,127,123,116,95,118,130,129,
127,126,85,117,97,109,130,121,109,110,121,93,99,85,115,109,119,143,90,141,118,
116,103,93,105,110,124,98,127,97,112,136,85,116,115,137,95,124,97,114,87,99,
101,100,109,116,118,116,99,88,104,134,88,85,105,87,114,124,102,138,102,131,109,
128,110,104,125,86,117,116,134,124,85,140,103,104,115,102,93,111,140,89,119,123,
116,95,139,110,121,93,143,124,90,90,110,131,136,131,143,129,127,94,105,139,95,
103,140,95,95,143,94,116,90,110,134,143,113,122,90,129,143,106,126,92,122,95,
128,91,93,127,90,94,88,100,102,86,95,115,142,114,105,110,109,117,142,117,111,
113,94,113,123,91,139,138,126,143,136,91,87,94,115,107,116,140,109,106,143,93,
124,141,117,118,129,131,110,116,87,128,85,95,143,137,133,113,103,109,115,119,129,
100,89,121,119,136,128,126,94,102,104,114,112,87,110,113,90,89,101,116,143,109,
115,89,113,135,126,118,102,139,128,91,102,129,91,99,95,85,138,127,115,98,143,
101,113,91,134,128,100,118,97,113,126,116,134,100,87,126,92,125,131,110,118,102,
101,142,115,105,127,87,123,91,137,87,90,87,119,114,112,123,119,92,137,129,94,
116,131,109,98,124,92,88,85,116,101,137,93,111,109,123,89,114,94,142,98,123,
104,133,129,137,100,119,127,143,98,131,86,110,107,137,98,86,92,97,109,85,127,
113,92,116,141,122,121,136,94,127,85,131,97,113,115,86,107,136,143,123,125,118,
126,111,89,141,104,139,139,126,89,139,86,123,118,128,87,130,99,92,131,103,136,
126,117,86,90,125,85,137,91,138,118,88,113,141,88,141,92,142,104,129,118,143,
100,105,85,126,129,115,138,106,117,123,86,90,138,92,124,106,122,130,127,94,88,
101,135,88,106,121,110,139,101,123,138,91,85,106,104,113,98,95,97,140,118,138,
101,113,133,134,95,98,121,100,92,100,86,119,136,91,85,91,141,94,113,104,136
</data>
 </layer>
 <layer name="FG" width="21" height="40">
  <data encoding="csv">
70,35,47,35,35,58,31,45,35,23,56,22,59,55,43,36,43,46,21,33,43,
43,56,46,34,31,55,21,60,43,31,21,22,22,22,48,58,44,47,22,32,35,
83,56,60,58,32,46,59,57,31,48,20,28,27,47,31,19,60,45,44,47,44,
23,23,22,47,60,43,19,20,48,48,33,16,27,21,47,45,58,34,36,31,35,
80,48,48,60,57,34,44,34,34,44,34,16,27,32,56,60,21,34,35,23,57,
83,20,22,34,20,45,48,31,21,20,33,28,15,34,55,44,31,60,33,45,23,
47,56,36,43,44,55,47,34,32,58,46,16,15,47,44,59,46,32,19,36,36,
56,36,35,23,58,57,35,35,44,23,32,16,27,46,43,44,47,31,44,45,46,
71,46,20,32,19,23,31,43,35,58,47,16,15,34,35,47,57,22,58,22,59,
21,47,60,23,48,35,58,46,45,33,44,16,15,34,43,23,20,35,48,24,55,
79,35,32,58,57,46,59,20,46,46,46,16,27,45,24,32,59,60,34,48,45,
35,35,24,33,36,72,83,36,26,30,30,144,144,29,29,25,36,46,23,71,60,
45,19,22,35,46,84,26,29,144,144,144,144,144,144,144,144,25,23,23,21,23,
34,34,47,71,26,17,144,144,144,144,144,144,144,144,144,144,144,25,59,35,60,
31,58,45,26,144,144,144,144,144,144,144,144,144,144,144,144,144,144,25,32,21,
43,45,36,16,144,144,144,144,144,144,144,144,144,144,144,144,144,144,27,71,22,
35,58,34,28,144,144,144,144,144,144,144,144,144,144,144,144,144,144,15,32,48,
19,36,68,28,144,144,144,144,144,27,1,5,2,2,16,144,144,144,144,25,58,
71,24,68,28,144,144,144,144,144,144,29,18,29,29,144,144,144,144,144,27,60,
55,21,24,28,144,144,144,144,144,144,144,144,144,144,144,144,144,144,144,15,68,
83,32,24,28,144,144,144,144,144,144,144,144,144,144,144,144,144,144,144,27,45,
55,44,26,144,144,144,144,144,144,144,144,144,144,144,144,144,144,144,144,27,32,
34,69,28,144,144,144,144,144,144,144,144,144,144,144,144,144,144,144,144,15,32,
69,36,14,144,144,144,144,144,144,144,144,144,144,144,144,144,144,144,144,15,22,
32,24,72,16,144,144,144,144,144,144,144,144,144,144,144,144,144,52,52,13,44,
34,44,21,14,40,49,51,144,144,144,144,144,144,144,65,65,13,5,2,2,32,
34,43,59,1,6,7,4,14,65,40,66,49,49,13,6,7,5,33,31,58,56,
32,59,22,33,19,60,20,1,4,5,2,3,6,3,23,21,19,35,32,46,45,
20,57,46,23,46,36,24,33,22,48,45,36,60,31,43,34,33,21,48,55,20,
34,44,34,20,43,47,31,60,35,19,21,56,45,36,35,19,56,23,34,46,57,
33,23,45,44,43,47,57,34,55,45,48,47,45,32,55,47,19,34,58,48,59,
79,32,35,43,44,46,33,23,34,46,55,19,55,60,47,55,59,56,45,19,23,
59,48,43,59,23,34,19,24,21,45,23,56,32,60,22,33,31,46,47,31,32,
69,33,21,20,19,33,35,31,44,33,44,60,56,21,56,21,45,56,46,45,19,
47,55,59,48,46,46,48,34,59,20,47,20,55,20,46,31,47,21,60,56,59,
35,19,31,57,35,43,19,58,46,34,44,35,23,31,20,35,20,56,34,31,33,
44,32,59,20,48,33,32,48,47,47,19,21,19,35,23,31,21,24,55,46,36,
70,48,22,33,45,58,56,59,45,20,31,34,24,56,47,59,60,47,32,46,19,
79,35,21,23,20,19,60,34,55,33,55,36,23,22,31,33,21,45,46,48,43,
23,23,21,19,20,48,35,55,57,43,57,36,23,60,33,58,44,31,35,45,58
</data>
 </layer>
 <layer name="Collision" width="21" height="40">
  <properties>
   <property name="draw" value="false"/>
  </properties>
  <data encoding="csv">
0,0,0,0,0,0,0,0,0,0,145,145,145,145,0,0,0,0,0,0,0,
0,0,0,0,0,0,0,0,0,0,145,0,0,145,0,0,0,0,0,0,0,
0,0,0,0,0,0,0,0,0,0,145,0,0,145,0,0,0,0,0,0,0,
0,0,0,0,0,0,0,0,0,0,145,0,0,145,0,0,0,0,0,0,0,
0,0,0,0,0,0,0,0,0,0,145,0,0,145,0,0,0,0,0,0,0,
0,0,0,0,0,0,0,0,0,0,145,0,0,145,0,0,0,0,0,0,0,
0,0,0,0,0,0,0,0,0,0,145,0,0,145,0,0,0,0,0,0,0,
0,0,0,0,0,0,0,0,0,0,145,0,0,145,0,0,0,0,0,0,0,
0,0,0,0,0,0,0,0,0,0,145,0,0,145,0,0,0,0,0,0,0,
0,0,0,0,0,0,0,0,0,0,145,0,0,145,0,0,0,0,0,0,0,
0,0,0,0,0,0,0,145,145,145,145,0,0,145,145,145,145,0,0,0,0,
0,0,0,0,0,145,145,145,0,0,0,0,0,0,0,0,145,145,0,0,0,
0,0,0,145,145,145,0,0,0,0,0,0,0,0,0,0,0,145,145,0,0,
0,0,145,145,0,0,0,0,0,0,0,0,0,0,0,0,0,0,145,145,0,
0,0,145,0,0,0,0,0,0,0,0,0,0,0,0,0,0,0,0,145,0,
0,0,145,0,0,0,0,0,0,0,0,0,0,0,0,0,0,0,0,145,0,
0,0,145,0,0,0,0,0,0,0,0,0,0,0,0,0,0,0,0,145,145,
0,0,145,0,0,0,0,0,0,0,145,145,145,145,0,0,0,0,0,0,145,
0,0,145,0,0,0,0,0,0,0,0,0,0,0,0,0,0,0,0,0,145,
0,0,145,0,0,0,0,0,0,0,0,0,0,0,0,0,0,0,0,0,145,
0,0,145,0,0,0,0,0,0,0,0,0,0,0,0,0,0,0,0,0,145,
145,145,145,0,0,0,0,0,0,0,0,0,0,0,0,0,0,0,0,0,145,
145,0,0,0,0,0,0,0,0,0,0,0,0,0,0,0,0,0,0,0,145,
145,0,0,0,0,0,0,0,0,0,0,0,0,0,0,0,0,0,0,0,145,
145,145,145,0,0,0,0,0,0,0,0,0,0,0,0,0,0,0,0,0,145,
0,0,145,0,0,0,0,0,0,0,0,0,0,0,0,0,0,145,145,145,145,
0,0,145,145,145,145,145,0,0,0,0,0,0,0,145,145,145,145,0,0,0,
0,0,0,0,0,0,145,145,145,145,145,145,145,145,145,0,0,0,0,0,0,
0,0,0,0,0,0,0,0,0,0,0,0,0,0,0,0,0,0,0,0,0,
0,0,0,0,0,0,0,0,0,0,0,0,0,0,0,0,0,0,0,0,0,
0,0,0,0,0,0,0,0,0,0,0,0,0,0,0,0,0,0,0,0,0,
0,0,0,0,0,0,0,0,0,0,0,0,0,0,0,0,0,0,0,0,0,
0,0,0,0,0,0,0,0,0,0,0,0,0,0,0,0,0,0,0,0,0,
0,0,0,0,0,0,0,0,0,0,0,0,0,0,0,0,0,0,0,0,0,
0,0,0,0,0,0,0,0,0,0,0,0,0,0,0,0,0,0,0,0,0,
0,0,0,0,0,0,0,0,0,0,0,0,0,0,0,0,0,0,0,0,0,
0,0,0,0,0,0,0,0,0,0,0,0,0,0,0,0,0,0,0,0,0,
0,0,0,0,0,0,0,0,0,0,0,0,0,0,0,0,0,0,0,0,0,
0,0,0,0,0,0,0,0,0,0,0,0,0,0,0,0,0,0,0,0,0,
0,0,0,0,0,0,0,0,0,0,0,0,0,0,0,0,0,0,0,0,0
</data>
 </layer>
 <objectgroup name="Doors" width="21" height="40">
  <object name="leftDoor" type="Door" x="32" y="704" width="32" height="64">
   <properties>
    <property name="toDoor" value="rightBotDoor"/>
    <property name="toMap" value="room2_3"/>
   </properties>
  </object>
  <object name="topDoor" type="Door" x="352" y="32" width="64" height="32">
   <properties>
    <property name="toDoor" value="bottomDoor"/>
    <property name="toMap" value="room2_4"/>
   </properties>
  </object>
 </objectgroup>
 <objectgroup name="Enemies" width="21" height="40">
  <object gid="149" x="224" y="512"/>
  <object gid="149" x="512" y="512"/>
  <object gid="150" x="288" y="864"/>
  <object gid="150" x="480" y="832"/>
  <object gid="147" x="320" y="608">
   <properties>
    <property name="rotation" value="270"/>
   </properties>
  </object>
  <object gid="147" x="416" y="608">
   <properties>
    <property name="rotation" value="270"/>
   </properties>
  </object>
  <object gid="154" x="64" y="768">
   <properties>
    <property name="isFlipped" value=""/>
   </properties>
  </object>
 </objectgroup>
</map>
