<?xml version="1.0" encoding="UTF-8"?>
<map version="1.0" orientation="orthogonal" width="20" height="20" tilewidth="32" tileheight="32">
 <properties>
  <property name="MapName" value="The Cave"/>
 </properties>
 <tileset firstgid="1" name="tilemap" tilewidth="32" tileheight="32">
  <image source="gfx/tileset.png" width="384" height="384"/>
 </tileset>
 <tileset firstgid="145" name="collision" tilewidth="32" tileheight="32">
  <image source="gfx/collision.png" width="32" height="32"/>
 </tileset>
 <tileset firstgid="146" name="objects" tilewidth="32" tileheight="32">
  <image source="gfx/objects.png" width="384" height="32"/>
 </tileset>
 <layer name="BG" width="20" height="20">
  <data encoding="csv">
128,110,131,118,85,138,92,143,124,107,89,92,101,122,123,89,101,125,94,90,
119,136,129,134,129,125,119,93,134,126,133,98,141,94,88,109,137,134,140,112,
98,111,87,103,98,115,95,100,99,95,122,92,118,105,123,91,110,105,102,103,
97,143,137,136,112,129,104,119,137,121,127,100,113,104,89,137,107,102,127,119,
93,114,116,87,97,139,111,117,115,141,136,104,90,141,102,86,102,93,142,113,
95,91,128,110,135,93,88,97,102,130,103,95,130,130,93,134,85,89,134,121,
114,100,136,87,119,110,112,124,91,105,103,133,98,136,139,118,118,143,104,104,
94,91,98,90,137,142,106,129,112,90,115,126,140,85,87,104,107,109,87,90,
117,88,90,137,102,87,90,106,90,89,90,109,142,137,126,103,88,136,99,140,
125,98,138,136,90,88,103,123,143,107,115,136,118,91,128,125,89,116,85,88,
105,138,89,134,122,125,128,128,128,127,90,86,92,92,140,134,85,143,140,143,
131,89,98,118,85,117,109,123,130,127,106,131,103,87,123,99,89,85,137,130,
114,91,133,91,116,99,129,129,113,138,121,115,128,129,99,106,124,92,135,133,
134,87,100,139,111,109,94,88,128,103,121,106,106,110,111,105,141,115,90,117,
141,114,97,114,100,143,90,137,94,88,85,101,104,111,118,117,139,103,129,141,
124,138,93,131,103,100,130,99,130,90,90,110,136,117,127,124,121,90,115,89,
90,117,104,124,136,139,123,103,105,142,131,122,137,142,94,126,137,134,89,121,
121,113,142,109,136,122,85,97,131,143,133,106,133,126,137,90,104,137,138,133,
95,92,129,114,105,124,106,143,130,105,126,105,85,89,88,117,131,113,121,112,
109,113,140,89,90,135,142,138,89,112,118,134,138,95,87,113,107,85,104,118
</data>
 </layer>
 <layer name="FG" width="20" height="20">
  <data encoding="csv">
84,24,24,22,45,22,34,36,36,21,48,21,33,67,80,72,71,19,59,71,
36,80,21,57,20,32,44,35,20,144,144,144,32,34,68,79,60,22,43,83,
45,58,31,33,48,33,144,144,144,144,144,144,144,33,33,34,59,79,84,32,
81,21,80,45,35,144,144,144,144,144,144,144,144,144,144,22,33,46,21,32,
22,46,57,24,144,144,144,144,144,144,144,144,144,144,144,144,36,69,44,21,
33,68,23,144,144,144,144,144,144,144,144,144,144,144,144,144,45,24,31,43,
34,33,44,144,144,144,144,144,144,144,144,144,144,144,52,13,24,48,43,83,
34,79,21,5,8,8,7,12,12,144,144,144,144,6,12,32,32,83,34,20,
34,55,79,46,68,47,80,22,45,10,144,144,4,48,56,67,20,22,69,33,
46,55,81,56,71,47,24,83,82,23,144,144,23,44,43,60,60,46,69,82,
67,20,79,60,22,82,33,60,45,45,144,144,22,83,70,44,72,24,68,81,
79,31,23,80,47,43,23,83,83,47,144,144,35,43,22,81,58,55,71,70,
79,79,60,36,22,33,47,80,43,45,144,144,23,32,72,82,56,23,68,57,
48,58,23,72,33,31,21,59,82,22,144,144,46,83,23,19,21,72,58,81,
59,23,81,23,55,60,69,34,55,48,144,144,45,68,67,46,67,68,71,36,
57,31,80,46,36,83,60,36,48,35,144,144,48,36,69,84,58,84,36,46,
69,36,79,68,46,43,34,24,68,60,35,68,68,71,31,58,82,59,67,67,
46,44,31,71,43,67,22,21,21,55,68,69,84,31,68,56,33,83,35,69,
45,81,82,33,67,23,31,23,33,22,22,57,32,68,48,35,44,45,68,24,
21,57,46,44,83,58,55,55,80,22,70,19,68,45,32,22,32,19,34,19
</data>
 </layer>
 <layer name="Collision" width="20" height="20" visible="0">
  <properties>
   <property name="draw" value="false"/>
  </properties>
  <data encoding="csv">
0,0,0,0,0,0,0,0,145,145,145,145,145,0,0,0,0,0,0,0,
0,0,0,0,0,145,145,145,145,0,0,0,145,145,0,0,0,0,0,0,
0,0,0,0,145,145,0,0,0,0,0,0,0,145,145,145,0,0,0,0,
0,0,0,0,145,0,0,0,0,0,0,0,0,0,0,145,145,0,0,0,
0,145,145,145,0,0,0,0,0,0,0,0,0,0,0,0,145,0,0,0,
0,145,0,0,0,0,0,0,0,0,0,0,0,0,0,0,145,0,0,0,
0,145,0,0,0,0,0,0,0,0,0,0,0,0,0,0,145,0,0,0,
0,145,145,145,145,145,145,145,145,0,0,0,0,145,145,145,145,0,0,0,
0,0,0,0,0,0,0,0,145,145,0,0,145,145,0,0,0,0,0,0,
0,0,0,0,0,0,0,0,0,145,0,0,145,0,0,0,0,0,0,0,
0,0,0,0,0,0,0,0,0,145,0,0,145,0,0,0,0,0,0,0,
0,0,0,0,0,0,0,0,0,145,0,0,145,0,0,0,0,0,0,0,
0,0,0,0,0,0,0,0,0,145,0,0,145,0,0,0,0,0,0,0,
0,0,0,0,0,0,0,0,0,145,0,0,145,0,0,0,0,0,0,0,
0,0,0,0,0,0,0,0,0,145,0,0,145,0,0,0,0,0,0,0,
0,0,0,0,0,0,0,0,0,145,0,0,145,0,0,0,0,0,0,0,
0,0,0,0,0,0,0,0,0,145,145,145,145,0,0,0,0,0,0,0,
0,0,0,0,0,0,0,0,0,0,0,0,0,0,0,0,0,0,0,0,
0,0,0,0,0,0,0,0,0,0,0,0,0,0,0,0,0,0,0,0,
0,0,0,0,0,0,0,0,0,0,0,0,0,0,0,0,0,0,0,0
</data>
 </layer>
 <layer name="Objects" width="20" height="20" opacity="0.23">
  <properties>
   <property name="draw" value="false"/>
  </properties>
  <data encoding="csv">
0,0,0,0,0,0,0,0,0,0,0,0,0,0,0,0,0,0,0,0,
0,0,0,0,0,0,0,0,0,0,0,0,0,0,0,0,0,0,0,0,
0,0,0,0,0,0,0,0,0,0,0,0,0,0,0,0,0,0,0,0,
0,0,0,0,0,0,0,0,0,0,0,0,0,0,0,0,0,0,0,0,
0,0,0,0,0,0,0,0,0,0,0,0,0,0,0,0,0,0,0,0,
0,0,0,0,0,0,0,0,0,0,0,0,0,0,0,0,0,0,0,0,
0,0,0,0,0,0,0,0,0,0,0,0,0,0,0,0,0,0,0,0,
0,0,0,0,0,0,0,0,0,0,0,0,0,0,0,0,0,0,0,0,
0,0,0,0,0,0,0,0,0,0,0,0,0,0,0,0,0,0,0,0,
0,0,0,0,0,0,0,0,0,0,0,0,0,0,0,0,0,0,0,0,
0,0,0,0,0,0,0,0,0,0,0,0,0,0,0,0,0,0,0,0,
0,0,0,0,0,0,0,0,0,0,0,0,0,0,0,0,0,0,0,0,
0,0,0,0,0,0,0,0,0,0,0,0,0,0,0,0,0,0,0,0,
0,0,0,0,0,0,0,0,0,0,0,0,0,0,0,0,0,0,0,0,
0,0,0,0,0,0,0,0,0,0,0,0,0,0,0,0,0,0,0,0,
0,0,0,0,0,0,0,0,0,0,0,0,0,0,0,0,0,0,0,0,
0,0,0,0,0,0,0,0,0,0,0,0,0,0,0,0,0,0,0,0,
0,0,0,0,0,0,0,0,0,0,0,0,0,0,0,0,0,0,0,0,
0,0,0,0,0,0,0,0,0,0,0,0,0,0,0,0,0,0,0,0,
0,0,0,0,0,0,0,0,0,0,0,0,0,0,0,0,0,0,0,0
</data>
 </layer>
 <objectgroup name="Doors" width="20" height="20">
  <object name="leftDoor" type="Door" x="64" y="160" width="32" height="64">
   <properties>
    <property name="toDoor" value="rightTopDoor"/>
    <property name="toMap" value="room2_3"/>
   </properties>
  </object>
  <object name="bottomDoor" type="Door" x="320" y="480" width="64" height="32">
   <properties>
    <property name="toDoor" value="topDoor"/>
    <property name="toMap" value="room2_5"/>
   </properties>
  </object>
 </objectgroup>
 <objectgroup name="Enemies" width="20" height="20"/>
</map>
