<?xml version="1.0" encoding="UTF-8"?>
<map version="1.0" orientation="orthogonal" width="60" height="20" tilewidth="32" tileheight="32">
 <properties>
  <property name="MapName" value="Secondary Storage Access"/>
 </properties>
 <tileset firstgid="1" name="tilemap" tilewidth="32" tileheight="32">
  <image source="gfx/tileset.png" width="384" height="384"/>
 </tileset>
 <tileset firstgid="145" name="collision" tilewidth="32" tileheight="32">
  <image source="gfx/collision.png" width="32" height="32"/>
 </tileset>
 <tileset firstgid="146" name="objects" tilewidth="32" tileheight="32">
  <image source="gfx/objects.png" width="384" height="32"/>
 </tileset>
 <layer name="BG" width="60" height="20" visible="0">
  <data encoding="csv">
107,131,134,122,139,118,129,139,97,124,92,118,109,110,118,126,100,117,131,89,142,94,117,97,140,97,133,94,126,92,112,130,107,102,109,105,135,111,129,131,86,118,101,90,86,125,89,123,123,122,119,128,134,130,103,111,114,123,116,89,
101,125,89,140,135,122,130,85,124,122,105,107,126,92,104,138,129,103,109,141,97,104,117,122,101,95,107,114,94,138,119,122,93,130,113,140,121,135,139,126,122,117,127,133,129,116,143,125,109,123,138,117,137,105,105,86,105,100,103,89,
106,130,125,118,110,89,87,98,104,111,117,104,143,118,143,116,98,137,118,109,111,125,113,138,124,122,123,103,124,134,97,125,142,128,109,93,143,106,127,103,92,128,126,122,126,121,103,94,99,101,121,99,136,125,85,116,112,136,141,111,
127,116,140,110,93,88,92,102,90,89,119,136,140,110,137,139,134,102,98,115,97,117,122,88,123,141,111,117,137,129,121,125,124,138,91,129,85,89,134,125,86,127,115,102,116,141,91,111,140,100,103,133,129,115,124,105,131,142,110,143,
90,125,102,128,125,87,89,88,135,133,125,126,134,110,123,137,93,128,123,143,111,136,90,89,109,101,95,91,143,104,141,101,139,125,113,130,104,140,139,89,125,124,142,110,127,107,142,141,102,117,134,123,139,113,101,131,98,99,107,95,
125,122,135,136,135,105,93,94,122,102,88,93,128,139,109,95,113,86,121,94,94,107,116,109,85,93,113,131,117,142,114,100,101,87,91,104,114,89,98,107,135,92,138,128,115,117,89,140,100,95,92,115,123,115,91,128,85,99,115,101,
102,119,130,88,94,90,129,90,140,121,137,117,86,141,122,118,115,143,107,86,143,122,129,92,122,141,86,101,139,101,113,94,134,119,89,95,109,99,139,111,125,101,143,118,102,91,87,126,119,135,111,137,90,127,135,135,87,115,92,123,
95,131,123,99,102,107,106,111,86,111,104,143,125,95,131,137,94,110,105,127,105,93,91,100,138,114,119,87,135,127,130,140,91,102,123,124,114,105,113,87,90,123,122,91,139,102,111,129,107,127,123,136,121,115,130,100,116,126,101,91,
109,86,102,135,134,125,95,87,140,140,111,100,88,141,105,122,107,115,93,112,119,137,112,99,133,110,102,90,138,143,133,111,117,107,102,130,105,125,110,125,124,111,89,102,101,101,98,106,129,85,124,141,121,123,105,133,106,121,104,131,
104,107,133,91,126,116,94,124,140,97,118,93,117,97,114,100,95,140,125,135,125,97,131,143,97,133,109,92,97,101,128,133,137,141,136,92,110,97,118,103,101,102,137,85,138,104,114,115,119,141,136,126,97,102,90,127,116,103,142,119,
93,143,104,116,104,113,109,129,87,127,125,88,135,100,124,125,131,98,116,110,89,126,102,131,115,85,86,92,91,107,95,116,88,121,94,95,141,129,88,93,118,135,141,125,104,93,130,98,106,140,114,85,119,98,121,88,98,104,134,87,
115,126,139,128,111,110,125,116,114,134,143,107,137,94,86,109,122,97,104,131,122,116,135,109,97,99,107,87,97,126,90,118,121,129,93,103,119,128,114,85,103,135,110,92,128,131,109,97,115,137,99,102,126,135,143,91,100,126,142,119,
122,111,92,134,89,137,143,109,88,124,138,119,138,135,140,114,115,137,137,88,87,104,100,142,124,107,109,95,125,103,98,104,113,133,97,91,121,97,124,128,94,118,111,98,110,142,112,97,118,140,138,126,124,106,92,91,95,113,137,94,
127,124,117,140,91,94,102,130,114,101,134,140,126,85,124,105,121,129,131,102,103,127,111,103,106,115,102,111,124,129,129,85,109,100,87,114,101,90,111,139,116,122,118,95,105,143,131,143,138,134,123,112,135,93,140,114,126,127,100,117,
90,143,104,138,106,113,88,86,110,101,107,93,130,114,92,136,126,105,133,98,142,133,135,85,111,129,111,131,93,87,139,116,137,139,112,90,93,86,125,85,112,92,86,140,85,86,128,122,142,133,116,127,129,103,93,138,109,139,104,122,
90,123,122,94,93,110,102,111,125,130,124,115,90,123,137,103,102,91,109,138,103,93,95,113,106,130,86,103,122,88,114,110,117,85,121,97,86,131,124,123,103,102,104,107,90,130,124,102,115,136,115,87,92,130,117,100,105,119,95,93,
99,138,140,99,105,91,143,111,86,114,121,127,91,103,133,100,142,124,110,114,110,124,104,142,116,137,140,141,98,138,110,110,113,114,118,85,111,138,129,88,105,137,100,129,123,143,137,106,106,91,140,137,100,125,141,88,98,134,94,139,
104,117,97,129,99,124,106,109,124,88,123,105,139,122,102,138,87,119,103,136,134,114,110,136,122,121,125,139,140,103,134,119,142,121,111,137,105,129,131,139,89,126,139,100,110,124,102,88,126,124,123,93,89,92,141,111,126,88,99,135,
134,140,129,141,107,106,117,135,109,135,110,133,121,97,123,125,107,86,125,121,117,137,143,102,102,107,98,107,133,92,129,91,88,90,139,85,128,127,91,131,93,104,90,91,95,119,91,136,114,114,110,125,105,110,103,118,102,94,90,128,
143,101,121,123,141,141,88,119,113,101,134,124,86,134,111,131,98,95,111,143,118,100,135,129,107,122,111,141,112,122,93,122,126,118,100,99,134,133,110,90,101,101,115,128,85,113,130,97,134,106,129,139,101,99,118,141,86,130,119,90
</data>
 </layer>
 <layer name="FG" width="60" height="20">
  <data encoding="csv">
57,80,80,36,48,80,35,43,23,55,56,58,82,43,72,72,83,47,43,33,58,45,46,57,47,56,80,34,67,58,21,24,79,32,44,67,69,67,56,84,35,20,43,35,24,47,71,47,79,44,36,33,46,34,35,35,47,82,31,24,
79,67,24,81,46,22,81,71,80,35,35,55,83,31,33,71,58,47,57,26,29,29,18,18,25,59,56,60,69,45,68,60,45,84,69,48,21,34,55,43,32,45,33,80,35,67,24,44,71,67,82,68,31,45,36,43,83,60,46,45,
19,47,71,36,84,79,46,60,57,56,44,33,36,56,46,44,26,18,18,144,144,144,144,144,144,18,29,29,25,45,56,70,57,60,47,70,33,60,34,20,55,81,81,56,46,83,45,68,60,21,68,48,46,44,69,34,80,81,70,19,
55,20,83,56,72,47,36,44,26,30,30,30,18,30,30,30,144,144,144,144,144,144,144,144,144,144,144,144,144,30,30,18,30,30,30,17,25,33,72,19,67,48,24,21,68,83,32,68,67,68,84,22,59,47,58,67,80,44,21,69,
33,81,19,71,35,45,26,144,144,144,144,144,144,144,144,144,144,144,144,144,144,144,144,144,144,144,144,144,144,144,144,144,144,144,144,144,144,25,35,69,34,67,58,19,47,43,36,22,57,45,47,47,46,83,48,19,23,79,55,31,
83,43,82,20,34,26,144,144,144,144,144,144,144,144,144,144,144,144,144,144,144,144,144,144,144,144,144,144,144,144,144,144,144,144,144,144,144,144,25,32,57,70,35,32,45,24,81,70,43,19,80,79,21,71,57,82,35,23,82,45,
57,22,24,34,26,144,144,144,144,144,144,144,144,144,144,144,144,144,144,144,144,144,144,144,144,144,144,144,144,144,144,144,144,144,144,144,144,144,144,25,58,19,83,58,68,23,57,60,33,22,35,21,45,23,21,80,24,82,35,22,
83,69,68,57,14,50,51,144,144,144,144,144,144,144,144,144,144,144,144,144,144,144,144,144,144,144,144,144,144,144,144,144,144,144,144,144,144,144,144,144,25,83,36,68,20,83,45,33,84,84,32,34,19,69,57,19,81,33,45,71,
72,36,33,57,2,5,4,144,144,144,144,144,144,144,144,144,144,144,144,144,144,49,144,144,144,144,144,144,144,144,144,64,52,49,49,50,51,62,62,52,13,83,71,44,57,21,70,20,84,19,81,58,84,56,48,36,46,79,34,83,
58,46,81,58,57,36,59,14,65,51,52,49,144,144,144,144,144,144,144,144,13,8,14,144,144,144,144,144,144,64,13,1,5,1,6,2,2,5,5,9,7,81,32,47,46,72,60,21,43,19,58,58,80,57,46,47,56,59,22,72,
59,36,32,70,84,23,32,6,2,4,11,3,14,65,49,53,65,62,52,13,11,46,5,14,62,63,61,51,13,4,12,32,36,45,70,48,43,47,35,35,32,44,83,34,20,58,43,22,31,32,31,55,23,71,20,56,19,20,57,68,
24,70,69,31,20,22,67,45,56,68,21,43,9,9,4,9,8,7,12,3,57,47,45,4,4,4,7,4,9,36,79,47,81,23,35,44,36,19,70,58,22,56,31,47,56,19,82,58,69,59,31,34,31,79,72,44,55,24,31,36,
31,43,69,24,55,20,57,84,67,47,46,35,59,46,48,48,70,70,22,34,80,33,23,44,45,31,48,79,81,81,82,55,80,84,79,45,82,56,68,70,20,71,31,43,69,71,32,57,58,35,56,81,19,45,35,23,82,83,36,44,
69,23,82,60,80,58,35,47,58,19,47,71,21,67,80,58,31,70,23,45,82,68,23,58,21,32,32,20,67,83,82,33,48,83,79,31,71,55,19,68,34,20,68,79,72,36,82,45,23,70,46,48,70,43,33,21,36,34,33,81,
31,79,84,68,70,46,80,56,19,70,24,44,19,71,60,68,56,60,47,21,48,58,21,19,48,44,69,79,60,59,48,48,80,33,22,82,55,43,68,79,48,84,34,24,43,55,83,70,24,24,71,47,36,33,33,45,81,45,55,23,
36,55,84,23,67,59,81,20,44,60,84,45,56,70,79,71,72,23,36,56,55,21,83,59,44,68,82,59,60,59,31,47,32,60,57,24,48,68,43,33,83,46,71,81,80,56,45,19,69,21,58,79,24,83,34,23,80,32,68,83,
60,68,81,83,35,81,47,31,83,83,80,71,56,80,67,21,83,80,56,60,48,44,31,83,44,67,56,20,84,83,35,47,68,21,60,55,44,56,33,79,59,19,44,43,58,79,84,67,55,59,68,60,56,57,56,84,36,33,71,55,
59,48,84,55,84,31,23,84,19,56,72,60,79,80,19,45,72,69,80,35,67,19,47,84,57,20,45,82,70,82,34,68,70,47,23,82,24,34,72,84,55,21,44,72,35,80,43,36,80,46,68,82,33,71,22,79,19,82,20,20,
43,80,43,33,56,43,31,83,22,60,72,81,68,79,68,81,21,23,67,47,44,46,44,48,43,60,34,79,59,58,48,34,72,72,34,33,48,71,60,19,46,35,58,47,22,80,55,83,68,20,46,60,83,46,36,71,72,32,23,69,
22,80,81,33,20,80,69,47,20,24,60,31,48,19,70,21,82,72,46,22,84,43,59,34,23,35,19,55,20,21,83,20,81,31,69,44,31,24,71,83,24,43,19,58,67,69,68,67,57,45,33,36,44,57,33,67,83,82,24,21
</data>
 </layer>
 <layer name="Collision" width="60" height="20" visible="0">
  <properties>
   <property name="draw" value="false"/>
  </properties>
  <data encoding="csv">
0,0,0,0,0,0,0,0,0,0,0,0,0,0,0,0,0,0,145,145,145,145,145,145,145,145,0,0,0,0,0,0,0,0,0,0,0,0,0,0,0,0,0,0,0,0,0,0,0,0,0,0,0,0,0,0,0,0,0,0,
0,0,0,0,0,0,0,0,0,0,0,0,0,0,0,145,145,145,145,0,0,0,0,0,0,145,145,145,145,145,0,0,0,0,0,0,0,0,0,0,0,0,0,0,0,0,0,0,0,0,0,0,0,0,0,0,0,0,0,0,
0,0,0,0,0,0,0,145,145,145,145,145,145,145,145,145,0,0,0,0,0,0,0,0,0,0,0,0,0,145,145,145,145,145,145,145,145,145,0,0,0,0,0,0,0,0,0,0,0,0,0,0,0,0,0,0,0,0,0,0,
0,0,0,0,0,145,145,145,0,0,0,0,0,0,0,0,0,0,0,0,0,0,0,0,0,0,0,0,0,0,0,0,0,0,0,0,0,145,145,0,0,0,0,0,0,0,0,0,0,0,0,0,0,0,0,0,0,0,0,0,
0,0,0,0,145,145,0,0,0,0,0,0,0,0,0,0,0,0,0,0,0,0,0,0,0,0,0,0,0,0,0,0,0,0,0,0,0,0,145,145,0,0,0,0,0,0,0,0,0,0,0,0,0,0,0,0,0,0,0,0,
0,0,145,145,145,0,0,0,0,0,0,0,0,0,0,0,0,0,0,0,0,0,0,0,0,0,0,0,0,0,0,0,0,0,0,0,0,0,0,145,145,0,0,0,0,0,0,0,0,0,0,0,0,0,0,0,0,0,0,0,
0,0,145,0,0,0,0,0,0,0,0,0,0,0,0,0,0,0,0,0,0,0,0,0,0,0,0,0,0,0,0,0,0,0,0,0,0,0,0,0,145,145,145,0,0,0,0,0,0,0,0,0,0,0,0,0,0,0,0,0,
0,0,145,0,0,0,0,0,0,0,0,0,0,0,0,0,0,0,0,0,0,0,0,0,0,0,0,0,0,0,0,0,0,0,0,0,0,0,0,0,0,0,145,0,0,0,0,0,0,0,0,0,0,0,0,0,0,0,0,0,
0,0,145,145,145,145,145,0,0,0,0,0,0,0,0,0,0,0,0,0,0,0,0,0,0,0,0,0,0,0,0,0,0,0,0,0,0,0,0,0,0,0,145,0,0,0,0,0,0,0,0,0,0,0,0,0,0,0,0,0,
0,0,0,0,0,0,145,0,0,0,0,0,0,0,0,0,0,0,0,0,0,145,0,0,0,0,0,0,0,0,0,145,145,145,145,145,145,145,145,145,145,145,145,0,0,0,0,0,0,0,0,0,0,0,0,0,0,0,0,0,
0,0,0,0,0,0,145,145,145,145,145,145,0,0,0,0,0,0,0,0,145,145,145,0,0,0,0,0,0,145,145,145,0,0,0,0,0,0,0,0,0,0,0,0,0,0,0,0,0,0,0,0,0,0,0,0,0,0,0,0,
0,0,0,0,0,0,0,0,0,0,0,145,145,145,145,145,145,145,145,145,145,0,145,145,145,145,145,145,145,145,0,0,0,0,0,0,0,0,0,0,0,0,0,0,0,0,0,0,0,0,0,0,0,0,0,0,0,0,0,0,
0,0,0,0,0,0,0,0,0,0,0,0,0,0,0,0,0,0,0,0,0,0,0,0,0,0,0,0,0,0,0,0,0,0,0,0,0,0,0,0,0,0,0,0,0,0,0,0,0,0,0,0,0,0,0,0,0,0,0,0,
0,0,0,0,0,0,0,0,0,0,0,0,0,0,0,0,0,0,0,0,0,0,0,0,0,0,0,0,0,0,0,0,0,0,0,0,0,0,0,0,0,0,0,0,0,0,0,0,0,0,0,0,0,0,0,0,0,0,0,0,
0,0,0,0,0,0,0,0,0,0,0,0,0,0,0,0,0,0,0,0,0,0,0,0,0,0,0,0,0,0,0,0,0,0,0,0,0,0,0,0,0,0,0,0,0,0,0,0,0,0,0,0,0,0,0,0,0,0,0,0,
0,0,0,0,0,0,0,0,0,0,0,0,0,0,0,0,0,0,0,0,0,0,0,0,0,0,0,0,0,0,0,0,0,0,0,0,0,0,0,0,0,0,0,0,0,0,0,0,0,0,0,0,0,0,0,0,0,0,0,0,
0,0,0,0,0,0,0,0,0,0,0,0,0,0,0,0,0,0,0,0,0,0,0,0,0,0,0,0,0,0,0,0,0,0,0,0,0,0,0,0,0,0,0,0,0,0,0,0,0,0,0,0,0,0,0,0,0,0,0,0,
0,0,0,0,0,0,0,0,0,0,0,0,0,0,0,0,0,0,0,0,0,0,0,0,0,0,0,0,0,0,0,0,0,0,0,0,0,0,0,0,0,0,0,0,0,0,0,0,0,0,0,0,0,0,0,0,0,0,0,0,
0,0,0,0,0,0,0,0,0,0,0,0,0,0,0,0,0,0,0,0,0,0,0,0,0,0,0,0,0,0,0,0,0,0,0,0,0,0,0,0,0,0,0,0,0,0,0,0,0,0,0,0,0,0,0,0,0,0,0,0,
0,0,0,0,0,0,0,0,0,0,0,0,0,0,0,0,0,0,0,0,0,0,0,0,0,0,0,0,0,0,0,0,0,0,0,0,0,0,0,0,0,0,0,0,0,0,0,0,0,0,0,0,0,0,0,0,0,0,0,0
</data>
 </layer>
 <layer name="Objects" width="60" height="20" visible="0" opacity="0.23">
  <properties>
   <property name="draw" value="false"/>
  </properties>
  <data encoding="csv">
0,0,0,0,0,0,0,0,0,0,0,0,0,0,0,0,0,0,0,0,0,0,0,0,0,0,0,0,0,0,0,0,0,0,0,0,0,0,0,0,0,0,0,0,0,0,0,0,0,0,0,0,0,0,0,0,0,0,0,0,
0,0,0,0,0,0,0,0,0,0,0,0,0,0,0,0,0,0,0,0,0,0,0,0,0,0,0,0,0,0,0,0,0,0,0,0,0,0,0,0,0,0,0,0,0,0,0,0,0,0,0,0,0,0,0,0,0,0,0,0,
0,0,0,0,0,0,0,0,0,0,0,0,0,0,0,0,0,0,0,0,0,0,0,0,0,0,0,0,0,0,0,0,0,0,0,0,0,0,0,0,0,0,0,0,0,0,0,0,0,0,0,0,0,0,0,0,0,0,0,0,
0,0,0,0,0,0,0,0,0,0,0,0,0,0,0,0,0,0,0,0,0,0,0,0,0,0,0,0,0,0,0,0,0,0,0,0,0,0,0,0,0,0,0,0,0,0,0,0,0,0,0,0,0,0,0,0,0,0,0,0,
0,0,0,0,0,0,0,0,0,0,0,0,0,0,0,0,0,0,0,0,0,0,0,0,0,0,0,0,0,0,0,0,0,0,0,0,0,0,0,0,0,0,0,0,0,0,0,0,0,0,0,0,0,0,0,0,0,0,0,0,
0,0,0,0,0,0,0,0,0,0,0,0,0,0,0,0,0,0,0,0,0,0,0,0,0,0,0,0,0,0,0,0,0,0,0,0,0,0,0,0,0,0,0,0,0,0,0,0,0,0,0,0,0,0,0,0,0,0,0,0,
0,0,0,0,0,0,0,0,0,0,0,0,0,0,0,0,0,0,0,0,0,0,0,0,0,0,0,0,0,0,0,0,0,0,0,0,0,0,0,0,0,0,0,0,0,0,0,0,0,0,0,0,0,0,0,0,0,0,0,0,
0,0,0,0,0,0,0,0,0,0,0,0,0,0,0,0,0,0,0,0,0,0,0,0,0,0,0,0,0,0,0,0,0,0,0,0,0,0,0,0,0,0,0,0,0,0,0,0,0,0,0,0,0,0,0,0,0,0,0,0,
0,0,0,0,0,0,0,0,0,0,0,0,0,0,0,0,0,0,0,0,0,0,0,0,0,0,0,0,0,0,0,0,0,0,0,0,0,0,0,0,0,0,0,0,0,0,0,0,0,0,0,0,0,0,0,0,0,0,0,0,
0,0,0,0,0,0,0,0,0,0,0,0,0,0,0,0,0,0,0,0,0,0,0,0,0,0,0,0,0,0,0,0,0,0,0,0,0,0,0,0,0,0,0,0,0,0,0,0,0,0,0,0,0,0,0,0,0,0,0,0,
0,0,0,0,0,0,0,0,0,0,0,0,0,0,0,0,0,0,0,0,0,0,0,0,0,0,0,0,0,0,0,0,0,0,0,0,0,0,0,0,0,0,0,0,0,0,0,0,0,0,0,0,0,0,0,0,0,0,0,0,
0,0,0,0,0,0,0,0,0,0,0,0,0,0,0,0,0,0,0,0,0,0,0,0,0,0,0,0,0,0,0,0,0,0,0,0,0,0,0,0,0,0,0,0,0,0,0,0,0,0,0,0,0,0,0,0,0,0,0,0,
0,0,0,0,0,0,0,0,0,0,0,0,0,0,0,0,0,0,0,0,0,0,0,0,0,0,0,0,0,0,0,0,0,0,0,0,0,0,0,0,0,0,0,0,0,0,0,0,0,0,0,0,0,0,0,0,0,0,0,0,
0,0,0,0,0,0,0,0,0,0,0,0,0,0,0,0,0,0,0,0,0,0,0,0,0,0,0,0,0,0,0,0,0,0,0,0,0,0,0,0,0,0,0,0,0,0,0,0,0,0,0,0,0,0,0,0,0,0,0,0,
0,0,0,0,0,0,0,0,0,0,0,0,0,0,0,0,0,0,0,0,0,0,0,0,0,0,0,0,0,0,0,0,0,0,0,0,0,0,0,0,0,0,0,0,0,0,0,0,0,0,0,0,0,0,0,0,0,0,0,0,
0,0,0,0,0,0,0,0,0,0,0,0,0,0,0,0,0,0,0,0,0,0,0,0,0,0,0,0,0,0,0,0,0,0,0,0,0,0,0,0,0,0,0,0,0,0,0,0,0,0,0,0,0,0,0,0,0,0,0,0,
0,0,0,0,0,0,0,0,0,0,0,0,0,0,0,0,0,0,0,0,0,0,0,0,0,0,0,0,0,0,0,0,0,0,0,0,0,0,0,0,0,0,0,0,0,0,0,0,0,0,0,0,0,0,0,0,0,0,0,0,
0,0,0,0,0,0,0,0,0,0,0,0,0,0,0,0,0,0,0,0,0,0,0,0,0,0,0,0,0,0,0,0,0,0,0,0,0,0,0,0,0,0,0,0,0,0,0,0,0,0,0,0,0,0,0,0,0,0,0,0,
0,0,0,0,0,0,0,0,0,0,0,0,0,0,0,0,0,0,0,0,0,0,0,0,0,0,0,0,0,0,0,0,0,0,0,0,0,0,0,0,0,0,0,0,0,0,0,0,0,0,0,0,0,0,0,0,0,0,0,0,
0,0,0,0,0,0,0,0,0,0,0,0,0,0,0,0,0,0,0,0,0,0,0,0,0,0,0,0,0,0,0,0,0,0,0,0,0,0,0,0,0,0,0,0,0,0,0,0,0,0,0,0,0,0,0,0,0,0,0,0
</data>
 </layer>
 <objectgroup name="Doors" width="60" height="20" visible="0">
  <object name="leftDoor" type="Door" x="96" y="192" width="32" height="64">
   <properties>
    <property name="toDoor" value="rightDoor"/>
    <property name="toMap" value="room2_7"/>
   </properties>
  </object>
  <object name="rightDoor" type="Door" x="1312" y="224" width="32" height="64">
   <properties>
    <property name="toDoor" value="leftTopDoor"/>
    <property name="toMap" value="room2_3"/>
   </properties>
  </object>
 </objectgroup>
 <objectgroup name="Enemies" width="60" height="20" visible="0">
  <object gid="150" x="672" y="288"/>
  <object gid="150" x="640" y="320"/>
  <object gid="150" x="704" y="320"/>
  <object gid="146" x="544" y="192"/>
  <object gid="146" x="800" y="192"/>
  <object gid="149" x="672" y="128"/>
  <object gid="146" x="455" y="282"/>
  <object gid="146" x="395" y="233"/>
  <object gid="146" x="340" y="173"/>
  <object gid="146" x="297" y="240"/>
  <object gid="154" x="128" y="256">
   <properties>
    <property name="isFlipped" value=""/>
   </properties>
  </object>
 </objectgroup>
</map>
