<?xml version="1.0" encoding="UTF-8"?>
<map version="1.0" orientation="orthogonal" width="45" height="19" tilewidth="32" tileheight="32">
 <properties>
  <property name="MapName" value="Seeeecret!!"/>
 </properties>
 <tileset firstgid="1" name="tilemap" tilewidth="32" tileheight="32">
  <image source="gfx/tileset.png" width="384" height="384"/>
 </tileset>
 <tileset firstgid="145" name="collision" tilewidth="32" tileheight="32">
  <image source="gfx/collision.png" width="32" height="32"/>
 </tileset>
 <tileset firstgid="146" name="objects" tilewidth="32" tileheight="32">
  <image source="gfx/objects.png" width="384" height="32"/>
 </tileset>
 <layer name="BG" width="45" height="19">
  <data encoding="csv">
0,0,0,0,0,0,0,0,0,0,0,0,0,0,0,0,0,0,0,0,0,0,0,0,0,0,0,0,0,0,0,0,0,0,0,0,0,0,0,0,0,0,0,0,0,
0,0,0,0,0,0,0,0,0,0,0,0,0,0,0,0,0,0,0,0,0,0,0,0,0,0,0,0,0,0,0,0,0,0,0,0,0,0,0,0,0,0,0,0,0,
0,0,0,0,0,0,0,0,0,0,0,0,0,0,0,0,0,0,0,0,0,0,0,0,0,0,0,0,0,0,0,0,0,0,0,0,0,0,0,0,0,0,0,0,0,
0,0,0,0,0,0,0,0,0,0,0,0,0,0,0,0,0,0,0,0,0,0,0,0,0,0,0,0,0,0,0,0,0,0,0,0,0,0,0,0,0,0,0,0,0,
0,0,0,0,0,0,0,0,0,0,0,0,0,0,0,0,0,0,0,0,0,0,0,0,0,0,0,0,0,0,0,0,0,0,0,0,0,0,0,0,0,0,0,0,0,
0,0,0,0,0,0,0,0,0,0,0,0,0,0,0,0,0,0,0,0,0,0,0,0,0,0,0,0,0,0,0,0,0,0,0,0,0,0,0,0,0,0,0,0,0,
0,0,0,0,0,0,0,0,0,0,0,0,0,0,0,0,0,0,0,0,0,0,0,0,0,0,0,0,0,0,0,0,0,0,0,0,0,0,0,0,0,0,0,0,0,
0,0,0,0,0,0,0,0,0,0,0,0,0,0,0,0,0,0,0,0,0,0,0,0,0,0,0,0,0,0,0,0,0,0,0,0,0,0,0,0,0,0,0,0,0,
0,0,0,0,0,0,0,0,0,0,0,0,0,0,0,0,0,0,0,0,0,0,0,0,0,0,0,0,0,0,0,0,0,0,0,0,0,0,0,0,0,0,0,0,0,
0,0,0,0,0,0,0,0,0,0,0,0,0,0,0,0,0,0,0,0,0,0,0,0,0,0,0,0,0,0,0,0,0,0,0,0,0,0,0,0,0,0,0,0,0,
0,0,0,0,0,0,0,0,0,0,0,0,0,0,0,0,0,0,0,0,0,0,0,0,0,0,0,0,0,0,0,0,0,0,0,0,0,0,0,0,0,0,0,0,0,
0,0,0,0,0,0,0,0,0,0,0,0,0,0,0,0,0,0,0,0,0,0,0,0,0,0,0,0,0,0,0,0,0,0,0,0,0,0,0,0,0,0,0,0,0,
0,0,0,0,0,0,0,0,0,0,0,0,0,0,0,0,0,0,0,0,0,0,0,0,0,0,0,0,0,0,0,0,0,0,0,0,0,0,0,0,0,0,0,0,0,
0,0,0,0,0,0,0,0,0,0,0,0,0,0,0,0,0,0,0,0,0,0,0,0,0,0,0,0,0,0,0,0,0,0,0,0,0,0,0,0,0,0,0,0,0,
0,0,0,0,0,0,0,0,0,0,0,0,0,0,0,0,0,0,0,0,0,0,0,0,0,0,0,0,0,0,0,0,0,0,0,0,0,0,0,0,0,0,0,0,0,
0,0,0,0,0,0,0,0,0,0,0,0,0,0,0,0,0,0,0,0,0,0,0,0,0,0,0,0,0,0,0,0,0,0,0,0,0,0,0,0,0,0,0,0,0,
0,0,0,0,0,0,0,0,0,0,0,0,0,0,0,0,0,0,0,0,0,0,0,0,0,0,0,0,0,0,0,0,0,0,0,0,0,0,0,0,0,0,0,0,0,
0,0,0,0,0,0,0,0,0,0,0,0,0,0,0,0,0,0,0,0,0,0,0,0,0,0,0,0,0,0,0,0,0,0,0,0,0,0,0,0,0,0,0,0,0,
0,0,0,0,0,0,0,0,0,0,0,0,0,0,0,0,0,0,0,0,0,0,0,0,0,0,0,0,0,0,0,0,0,0,0,0,0,0,0,0,0,0,0,0,0
</data>
 </layer>
 <layer name="FG" width="45" height="19">
  <data encoding="csv">
59,69,72,71,72,72,19,71,33,33,83,68,35,69,81,81,60,70,22,55,20,80,83,20,84,60,55,67,59,83,31,60,80,24,67,20,82,45,34,24,45,34,43,31,21,
84,58,83,31,71,83,45,67,71,79,58,35,72,57,33,19,46,32,23,46,36,79,69,0,0,0,0,0,22,19,35,43,32,23,31,0,0,0,0,0,0,67,36,68,83,
72,79,70,45,23,34,20,33,19,84,55,67,69,82,57,69,33,79,67,0,0,0,0,0,0,0,0,0,84,36,70,35,72,79,0,0,0,0,0,0,0,0,0,24,82,
68,82,47,67,19,59,48,43,44,43,57,20,44,20,82,81,60,43,21,0,0,0,0,0,0,0,0,0,0,59,35,69,70,0,0,0,0,0,0,0,0,0,0,0,84,
55,46,48,31,72,32,69,79,68,20,22,55,57,67,56,20,24,60,0,0,0,0,0,0,0,0,0,0,0,0,0,0,0,0,0,0,0,0,0,0,0,0,0,0,21,
72,79,32,84,35,33,43,59,47,24,34,32,55,68,60,46,19,84,0,0,0,0,0,0,0,0,0,0,0,0,0,0,0,0,0,0,0,0,0,0,0,0,0,0,34,
35,80,45,82,21,48,34,69,23,19,22,32,81,82,31,57,59,46,0,0,0,0,0,0,0,0,7,10,3,4,10,6,12,10,11,5,5,3,0,0,0,0,0,0,58,
55,19,46,83,84,32,71,31,47,84,55,36,80,32,23,31,21,69,0,0,0,12,8,2,1,10,84,82,69,72,79,71,72,48,57,80,31,21,0,0,0,0,0,0,82,
55,80,58,0,0,0,0,0,67,79,34,79,21,44,72,23,84,70,0,0,0,45,34,70,32,35,34,47,36,48,47,83,33,34,68,0,0,0,0,0,0,23,12,12,19,
79,82,0,0,0,0,0,0,0,72,60,56,56,19,82,58,21,56,0,0,0,57,84,24,59,20,21,48,31,57,44,58,67,70,57,0,0,0,0,0,0,32,34,69,71,
55,0,0,0,0,0,0,0,0,0,80,44,79,31,70,47,47,47,0,0,0,71,31,21,83,34,82,44,22,82,57,84,57,45,0,0,0,0,0,0,21,21,43,68,57,
48,0,0,0,0,0,0,0,0,0,0,0,35,59,0,0,0,0,0,0,0,45,0,0,0,0,0,0,0,0,43,84,67,69,0,0,0,0,0,0,24,19,35,55,79,
20,0,0,0,0,0,0,0,0,0,0,0,71,80,0,0,0,0,0,0,0,60,0,0,0,0,0,0,0,0,0,34,0,0,0,0,0,0,0,0,0,67,83,68,72,
33,0,0,0,0,0,0,0,0,0,0,0,0,58,0,0,0,0,0,0,0,46,0,0,0,0,0,0,0,0,0,58,0,0,0,0,0,3,9,9,1,31,67,70,67,
31,11,11,10,0,0,8,2,10,12,0,0,0,55,0,0,0,0,0,0,0,19,0,0,0,0,0,0,0,0,0,0,0,0,0,0,6,57,32,58,81,59,44,23,45,
72,60,70,35,0,0,80,82,81,19,5,0,0,0,0,0,0,0,0,0,0,32,0,0,0,0,0,0,0,0,0,0,0,0,0,0,0,82,84,55,60,44,69,57,31,
36,55,35,69,0,0,31,55,31,21,80,10,0,0,0,0,0,0,0,0,0,56,4,2,12,11,4,12,12,4,3,8,8,0,0,0,0,0,23,48,20,57,45,33,21,
21,32,68,43,0,0,84,34,31,23,45,80,2,1,4,3,11,6,8,3,11,45,72,56,71,24,21,67,31,47,33,69,58,8,8,3,11,11,57,56,71,59,84,81,55,
43,35,19,45,0,0,45,57,83,31,84,80,35,19,81,83,71,19,19,71,79,59,83,20,24,55,57,68,69,83,70,71,80,59,67,68,56,80,34,68,58,34,59,45,19
</data>
 </layer>
 <layer name="Collision" width="45" height="19" opacity="0.24">
  <properties>
   <property name="draw" value="false"/>
  </properties>
  <data encoding="csv">
145,145,145,145,145,145,145,145,145,145,145,145,145,145,145,145,145,145,145,145,145,145,145,145,145,145,145,145,145,145,145,145,145,145,145,145,145,145,145,145,145,145,145,145,145,
145,145,145,145,145,145,145,145,145,145,145,145,145,145,145,145,145,145,145,145,145,145,145,0,0,0,0,0,145,145,145,145,145,145,145,0,0,0,0,0,0,145,145,145,145,
145,145,145,145,145,145,145,145,145,145,145,145,145,145,145,145,145,145,145,0,0,0,0,0,0,0,0,0,145,145,145,145,145,145,0,0,0,0,0,0,0,0,0,145,145,
145,145,145,145,145,145,145,145,145,145,145,145,145,145,145,145,145,145,145,0,0,0,0,0,0,0,0,0,0,145,145,145,145,0,0,0,0,0,0,0,0,0,0,0,145,
145,145,145,145,145,145,145,145,145,145,145,145,145,145,145,145,145,145,0,0,0,0,0,0,0,0,0,0,0,0,0,0,0,0,0,0,0,0,0,0,0,0,0,0,145,
145,145,145,145,145,145,145,145,145,145,145,145,145,145,145,145,145,145,0,0,0,0,0,0,0,0,0,0,0,0,0,0,0,0,0,0,0,0,0,0,0,0,0,0,145,
145,145,145,145,145,145,145,145,145,145,145,145,145,145,145,145,145,145,0,0,0,0,0,0,0,0,145,145,145,145,145,145,145,145,145,145,145,145,0,0,0,0,0,0,145,
145,145,145,145,145,145,145,145,145,145,145,145,145,145,145,145,145,145,0,0,0,145,145,145,145,145,145,145,145,145,145,145,145,145,145,145,145,145,0,0,0,0,0,0,145,
145,145,145,0,0,0,0,0,145,145,145,145,145,145,145,145,145,145,0,0,0,145,145,145,145,145,145,145,145,145,145,145,145,145,145,0,0,0,0,0,0,145,145,145,145,
145,145,0,0,0,0,0,0,0,145,145,145,145,145,145,145,145,145,0,0,0,145,145,145,145,145,145,145,145,145,145,145,145,145,145,0,0,0,0,0,0,145,145,145,145,
145,0,0,0,0,0,0,0,0,0,145,145,145,145,145,145,145,145,0,0,0,145,145,145,145,145,145,145,145,145,145,145,145,145,0,0,0,0,0,0,145,145,145,145,145,
145,0,0,0,0,0,0,0,0,0,0,0,145,145,0,0,0,0,0,0,0,145,0,0,0,0,0,0,0,0,145,145,145,145,0,0,0,0,0,0,145,145,145,145,145,
145,0,0,0,0,0,0,0,0,0,0,0,145,145,0,0,0,0,0,0,0,145,0,0,0,0,0,0,0,0,0,145,0,0,0,0,0,0,0,0,0,145,145,145,145,
145,0,0,0,0,0,0,0,0,0,0,0,0,145,0,0,0,0,0,0,0,145,0,0,0,0,0,0,0,0,0,145,0,0,0,0,0,145,145,145,145,145,145,145,145,
145,145,145,145,0,0,145,145,145,145,0,0,0,145,0,0,0,0,0,0,0,145,0,0,0,0,0,0,0,0,0,0,0,0,0,0,145,145,145,145,145,145,145,145,145,
145,145,145,145,0,0,145,145,145,145,145,0,0,0,0,0,0,0,0,0,0,145,0,0,0,0,0,0,0,0,0,0,0,0,0,0,0,145,145,145,145,145,145,145,145,
145,145,145,145,0,0,145,145,145,145,145,145,0,0,0,0,157,0,0,0,0,145,145,145,145,145,145,145,145,145,145,145,145,0,0,0,0,0,145,145,145,145,145,145,145,
145,145,145,145,0,0,145,145,145,145,145,145,145,145,145,145,145,145,145,145,145,145,145,145,145,145,145,145,145,145,145,145,145,145,145,145,145,145,145,145,145,145,145,145,145,
145,145,145,145,0,0,145,145,145,145,145,145,145,145,145,145,145,145,145,145,145,145,145,145,145,145,145,145,145,145,145,145,145,145,145,145,145,145,145,145,145,145,145,145,145
</data>
 </layer>
 <objectgroup name="Doors" width="45" height="19">
  <object name="startDoor" type="Door" x="800" y="448" width="32" height="64">
   <properties>
    <property name="toDoor" value=""/>
    <property name="toMap" value=""/>
   </properties>
  </object>
 </objectgroup>
 <objectgroup name="Enemies" width="45" height="19" opacity="0.47">
  <object gid="147" x="768" y="64"/>
 </objectgroup>
 <objectgroup name="Objects" width="45" height="19" visible="0">
  <object type="Tutorial" x="710" y="312" width="350" height="230">
   <properties>
    <property name="text" value="Arrow Keys\nMove and Look"/>
   </properties>
  </object>
  <object type="Tutorial" x="1078" y="276" width="240" height="294">
   <properties>
    <property name="text" value="Space\nJump"/>
   </properties>
  </object>
  <object gid="151" x="1024" y="192"/>
  <object gid="151" x="928" y="192"/>
  <object type="Tutorial" x="760" y="-4" width="422" height="248">
   <properties>
    <property name="text" value="Hold D\nTo Drill"/>
   </properties>
  </object>
  <object type="Tutorial" x="450" y="372" width="212" height="172">
   <properties>
    <property name="text" value="Recharge Stations\nHeal you and save your progress"/>
   </properties>
  </object>
  <object type="Tutorial" x="1" y="220" width="381" height="268">
   <properties>
    <property name="text" value="Good Luck!"/>
   </properties>
  </object>
 </objectgroup>
</map>
